function [MatchUp] = Matchup()

MatchUp = [152 250 0;
           250 152 0;
           12 298 0;
           298 12 0;
           210 311 0;
           311 210 0;
           291 320 0;
           320 291 0;
           331 167 0;
           167 331 0;
           69 140 0;
           140 69 0;
           144 71 0;
           71 144 0;
           13 35 0;
           35 13 0;
           175 159 0;
           159 175 0;
           303 347 0;
           347 303 0;
           199 314 0;
           314 199 0;
           56 106 0;
           106 56 0;
           349 311 0;
           311 349 0;
           187 96 0;
           96 187 0;
           229 279 0;
           279 229 0;
           109 211 0;
           211 109 0;
           121 266 0;
           266 121 0;
           178 190 0;
           190 178 0;
           305 247 0;
           247 305 0;
           214 150 0;
           150 214 0;
           327 250 0;
           250 327 0;
           330 7 0;
           7 330 0;
           337 194 0;
           194 337 0;
           342 166 0;
           166 342 0;
           97 320 0;
           320 97 0;
           313 295 0;
           295 313 0;
           17 36 0;
           36 17 0;
           248 39 0;
           39 248 0;
           141 239 0;
           239 141 0;
           273 212 0;
           212 273 0;
           58 201 0;
           201 58 0;
           19 62 0;
           62 19 0;
           307 12 0;
           12 307 0;
           177 34 0;
           34 177 0;
           251 232 0;
           232 251 0;
           80 131 0;
           131 80 0];

% MatchUp = [331 69 0;
%            69 331 0; 
%            144 13 0; 
%            13 144 0; 
%            159 303 0; 
%            303 159 0; 
%            199 56 0;
%            56 199 0; 
%            349 96 0; 
%            96 349 0; 
%            229 109 0; 
%            109 229 0; 
%            121 178 0;
%            178 121 0; 
%            305 214 0; 
%            214 305 0; 
%            327 330 0; 
%            330 327 0; 
%            337 342 0; 
%            342 337 0; 
%            97 313 0; 
%            313 97 0; 
%            36 248 0; 
%            248 36 0; 
%            141 273 0; 
%            273 141 0; 
%            58 19 0; 
%            19 58 0; 
%            307 177 0; 
%            177 307 0; 
%            251 80 0; 
%            80 251 0];

% MatchUp = [331 144 0;
%            144 331 0;
%            303 56 0;
%            56 303 0;
%            349 109 0;
%            109 349 0;
%            121 214 0;
%            214 121 0;
%            327 342 0;
%            342 327 0;
%            313 248 0;
%            248 313 0;
%            141 19 0;
%            19 141 0;
%            177 80 0;
%            80 177 0];

% MatchUp = [331 56 0;
%            56 331 0;
%            109 214 0;
%            214 109 0;
%            327 248 0;
%            248 327 0;
%            141 80 0;
%            80 141 0;
%            331 109 0;
%            109 331 0;
%            327 80 0;
%            80 327 0;
%            331 327 0;
%            327 331 0];

% MatchUp = [159 303 0;
%            303 159 0;
%            331 13 0;
%            13 331 0;
%            178 214 0;
%            214 178 0;
%            327 337 0;
%            337 327 0;
%            141 58 0;
%            58 141 0;
%            331 144 0;
%            144 331 0;
%            56 109 0;
%            109 56 0;
%            327 56 0;
%            56 327 0;
%            109 121 0;
%            121 109 0;
%            144 13 0;
%            13 144 0;
%            349 187 0;
%            187 349 0;
%            121 178 0;
%            178 121 0;
%            342 337 0;
%            337 342 0;
%            19 58 0;
%            58 19 0;
%            159 175 0;
%            175 159 0;
%            96 187 0;
%            187 96 0;
%            331 56 0;
%            56 331 0;
%            56 109 0;
%            109 56 0;
%            327 80 0;
%            80 327 0;
%            214 121 0;
%            121 214 0];

end