Date,Loc,Opp_name,W,Score,Opp_score,FG,FGA,FG_Pct,Threes,ThreesA,Threes_Pct,FT,FTA,FT_Pct,ORB,TRB,AST,STL,BLK,TOV,PF,22,Opp_FG,Opp_FGA,Opp_FG_Pct,Opp_Threes,Opp_ThreesA,Opp_Threes_Pct,Opp_FT,Opp_FTA,Opp_FT_Pct,Opp_ORB,Opp_TRB,Opp_AST,Opp_STL,Opp_BLK,Opp_TOV,Opp_PF,result,Win,Game_Number,Mean_Score,Avg_Score,Opp_Avg_Score,Avg_Threes,Opp_Avg_Threes,Avg_FG_Pct,Opp_Avg_FG_Pct,Avg_Mean_Score,Avg_Result,Pct_Margin,Home,Away,Neutral,Avg_Result_Fin,Opp_Avg_FG_Pct_Fin,Pct_Margin_Fin,Avg_Result_NC,result2,Mean_Score2,Opp_Avg_Score2,Avg_Score2,Avg_Mean_Score2,Avg_Result2,Pct_Margin2,Home2,Away2,Neutral2,Date2,Loc2,Opp_name2,Win2,Opp_score2,Score2,Threes2,Opp_Threes2,W2,Avg_Threes2,Opp_Avg_Threes2,Game_Number2,Avg_Result_Fin2,Avg_Result_NC2,Opp_Avg_FG_Pct2,Avg_FG_Pct2,Opp_Avg_FG_Pct_Fin2,Pct_Margin_Fin2,Scoring_Pace_Diff,Matchup_Comp,Opp_Matchup_Comp,SOS,SOS_NC,Opp_SOS,Opp_SOS_NC,Prev_SOS,SOS_Fin,SOS_All,SOS_All_Fin,Opp_Prev_SOS
2019-11-09,,ETSU,L,75.0,92.0,27.0,67.0,0.403,8.0,27.0,0.296,13.0,18.0,0.722,14.0,25.0,13.0,4.0,2.0,15.0,19.0,,35.0,56.0,0.625,10.0,20.0,0.5,12.0,20.0,0.6,10.0,36.0,20.0,8.0,7.0,19.0,25.0,-17.0,0,1,83.5,,,,,,,,,,1,0,0,-9.851851851851848,0.5038888888888889,-0.12494128698919676,,17.0,83.5,,,,,,0,1,0.0,2019-11-09,@,UT-Martin,1,75.0,92.0,10.0,8.0,W,,,1,9.451612903225808,,,,0.4407096774193548,0.13605758068260973,,,,,,,,,0.2729347634814131,,0.13004068720489778,
2019-11-13,@,Western Illinois,W,98.0,91.0,36.0,71.0,0.507,8.0,23.0,0.348,18.0,24.0,0.75,12.0,40.0,6.0,3.0,3.0,5.0,16.0,,34.0,71.0,0.479,10.0,25.0,0.4,13.0,18.0,0.722,10.0,33.0,13.0,3.0,2.0,4.0,19.0,7.0,1,2,94.5,75.0,92.0,0.006475637896111441,0.01256259441785057,0.403,0.625,83.5,-17.0,-0.20359281437125748,0,1,0,-9.851851851851848,0.5038888888888889,-0.12494128698919676,-17.0,-7.0,94.5,87.5,70.0,78.75,-17.5,-0.2222222222222222,1,0,,2019-11-13,,UT-Martin,0,98.0,91.0,10.0,8.0,L,0.11504706646753998,-0.07352436210388857,3,-11.25,-17.5,0.5475,0.3625,0.48804166666666654,-0.1447721179624665,2.375,-0.021820108742335836,0.03801696509448382,17.0,17.0,12.666666666666664,12.666666666666664,-17.0,0.2729347634814131,9.451612903225808,0.13004068720489778,-17.5
2019-11-16,@,Wichita State,L,62.0,103.0,22.0,57.0,0.386,12.0,31.0,0.387,6.0,10.0,0.6,7.0,25.0,10.0,4.0,1.0,17.0,12.0,,40.0,71.0,0.563,15.0,28.0,0.536,8.0,10.0,0.8,11.0,40.0,29.0,8.0,2.0,8.0,15.0,-41.0,0,3,82.5,86.5,91.5,-0.03606771470504466,0.014344490355127804,0.455,0.552,89.0,-5.0,-0.056179775280898875,0,1,0,-9.851851851851848,0.5038888888888889,-0.12494128698919676,-5.0,41.0,82.5,58.5,68.5,63.5,10.0,0.15748031496062992,1,0,0.0,2019-11-16,,UT-Martin,1,62.0,103.0,15.0,12.0,W,-0.0069550190381951205,-0.08275513133465778,3,8.064516129032263,10.0,0.3875,0.304,0.39051612903225813,0.11893434823977171,12.75,0.054633217618560034,-0.00998830333505747,-2.0,-2.0,-10.0,-10.0,3.366666666666666,0.2729347634814131,-0.8991935483870961,0.13004068720489778,2.7500000000000018
2019-11-19,@,Northern Iowa,L,67.0,87.0,22.0,53.0,0.415,9.0,25.0,0.36,14.0,17.0,0.824,9.0,23.0,6.0,6.0,0.0,9.0,14.0,,32.0,54.0,0.593,16.0,34.0,0.471,7.0,9.0,0.778,8.0,27.0,20.0,3.0,1.0,12.0,12.0,-20.0,0,4,77.0,78.33333333333333,95.33333333333333,0.04392244640674975,0.05360850502897857,0.432,0.5556666666666666,86.83333333333333,-17.0,-0.1957773512476008,0,1,0,-9.851851851851848,0.5038888888888889,-0.12494128698919676,-17.0,20.0,77.0,58.5,66.5,62.5,8.0,0.128,1,0,0.0,2019-11-19,,UT-Martin,1,67.0,87.0,16.0,9.0,W,0.04737789353520916,-0.04429359287311935,5,8.379310344827587,8.0,0.39925,0.41774999999999995,0.4231379310344827,0.12086545635414077,12.166666666666664,-0.044107629262203345,0.05039700431419185,5.4444444444444455,5.4444444444444455,-1.125,-1.125,-7.6875,0.2729347634814131,2.088709677419357,0.13004068720489778,1.8354166666666667
2019-11-26,N,Gardner-Webb,L,64.0,81.0,21.0,59.0,0.356,8.0,31.0,0.258,14.0,19.0,0.737,7.0,23.0,8.0,6.0,1.0,7.0,12.0,,29.0,52.0,0.558,13.0,22.0,0.591,10.0,16.0,0.625,6.0,29.0,20.0,5.0,5.0,14.0,17.0,-17.0,0,5,72.5,75.5,93.25,0.05402530677028361,0.09666330545643315,0.42775,0.565,84.375,-17.75,-0.21037037037037037,0,0,1,-9.851851851851848,0.5038888888888889,-0.12494128698919676,-17.75,17.0,72.5,73.2,60.8,67.0,-12.400000000000006,-0.18507462686567172,0,0,1.0,2019-11-26,N,UT-Martin,1,64.0,81.0,13.0,8.0,W,0.041738795790848326,-0.026639116202249236,6,0.2666666666666657,-12.400000000000006,0.442,0.38399999999999995,0.42456666666666665,0.0037261294829995214,8.6875,-0.03793661061449412,0.06351857969849813,6.862499999999997,6.862499999999997,13.813333333333333,13.813333333333333,-5.2468671679198,0.2729347634814131,3.6613598442714146,0.13004068720489778,-7.148809523809524
2019-11-27,N,Boston University,W,76.0,73.0,30.0,61.0,0.492,7.0,22.0,0.318,9.0,12.0,0.75,8.0,27.0,11.0,4.0,2.0,6.0,16.0,,26.0,56.0,0.464,10.0,30.0,0.333,11.0,14.0,0.786,10.0,33.0,14.0,2.0,1.0,11.0,11.0,3.0,1,6,74.5,73.2,90.8,0.05532809691250484,0.10938312688289564,0.41340000000000005,0.5635999999999999,82.0,-17.599999999999994,-0.21463414634146336,0,0,1,-9.851851851851848,0.5038888888888889,-0.12494128698919676,-17.599999999999994,-3.0,74.5,70.16666666666667,62.5,66.33333333333333,-7.666666666666671,-0.11557788944723627,0,0,1.0,2019-11-27,N,UT-Martin,0,76.0,73.0,10.0,7.0,L,-0.025524362103888587,-0.04986640485923299,7,3.424242424242422,-7.666666666666671,0.463,0.41133333333333333,0.4392424242424242,0.04994475138121544,7.833333333333336,-0.05252631036661385,-0.052838759813366346,4.333333333333334,4.333333333333334,5.692063492063493,5.692063492063493,-0.32569786535303635,0.2729347634814131,2.982421208750465,0.13004068720489778,-2.384561602418747
2019-12-06,@,Central Michigan,L,75.0,84.0,28.0,59.0,0.475,11.0,26.0,0.423,8.0,10.0,0.8,7.0,28.0,11.0,4.0,2.0,10.0,22.0,,24.0,50.0,0.48,11.0,20.0,0.55,25.0,30.0,0.833,8.0,31.0,15.0,5.0,0.0,7.0,10.0,-9.0,0,7,79.5,73.66666666666667,87.83333333333333,0.03941681436669964,0.10772800981261998,0.42650000000000005,0.5469999999999999,80.75,-14.166666666666657,-0.17543859649122795,0,1,0,-9.851851851851848,0.5038888888888889,-0.12494128698919676,-14.166666666666657,9.0,79.5,79.4,87.6,83.5,8.199999999999989,0.09820359281437112,1,0,,2019-12-06,,UT-Martin,1,75.0,84.0,11.0,11.0,W,-0.019003814158683074,0.041639365855809185,6,-3.1379310344827474,8.199999999999989,0.4516,0.40940000000000004,0.47068965517241373,-0.04083464213596575,-1.375,0.04051285171751702,-0.045246470339285215,2.4880952380952395,2.4880952380952395,-6.114285714285712,-6.114285714285712,-0.9149911816578468,0.2729347634814131,3.056058077999124,0.13004068720489778,2.429373299319727
2019-12-14,@,UNC Asheville,L,72.0,91.0,29.0,57.0,0.509,4.0,12.0,0.333,10.0,20.0,0.5,7.0,31.0,11.0,2.0,2.0,12.0,17.0,,36.0,75.0,0.48,13.0,31.0,0.419,6.0,11.0,0.545,17.0,41.0,15.0,4.0,1.0,7.0,21.0,-19.0,0,8,81.5,73.85714285714286,87.28571428571429,0.05204623750926424,0.10382424673408197,0.43342857142857144,0.5374285714285714,80.57142857142857,-13.42857142857143,-0.16666666666666669,0,1,0,-9.851851851851848,0.5038888888888889,-0.12494128698919676,-13.42857142857143,19.0,81.5,82.5,79.66666666666667,81.08333333333333,-2.8333333333333286,-0.0349434737923946,1,0,0.0,2019-12-14,,UT-Martin,1,72.0,91.0,13.0,4.0,W,-0.031097583861210754,-0.13170618028570674,7,-2.0,-2.8333333333333286,0.5538333333333334,0.47733333333333333,0.5138275862068964,-0.026715799170888992,-0.2559523809523796,-0.08279378684773313,-0.05682150314484958,2.3832199546485273,2.3832199546485273,-0.560119047619048,-0.560119047619048,-1.9180350722723603,0.2729347634814131,2.171202490501714,0.13004068720489778,0.6421380041915755
2019-12-18,N,Baylor,L,63.0,91.0,21.0,60.0,0.35,6.0,19.0,0.316,15.0,21.0,0.714,13.0,32.0,7.0,4.0,4.0,19.0,13.0,,39.0,70.0,0.557,8.0,25.0,0.32,5.0,10.0,0.5,10.0,33.0,21.0,13.0,7.0,11.0,17.0,-28.0,0,9,77.0,73.625,87.75,0.027732004619371198,0.10527905669953025,0.442875,0.5302499999999999,80.6875,-14.125,-0.17505809450038728,0,0,1,-9.851851851851848,0.5038888888888889,-0.12494128698919676,-14.125,28.0,77.0,60.333333333333336,75.0,67.66666666666667,14.666666666666664,0.21674876847290636,0,0,1.0,2019-12-18,N,UT-Martin,1,63.0,91.0,8.0,6.0,W,0.037586749007222586,-0.009656958788971493,10,11.000000000000007,14.666666666666664,0.395,0.42377777777777775,0.4005666666666667,0.1675977653631286,6.510416666666664,-0.016364804482328372,0.06290546462655211,1.0503472222222223,1.0503472222222223,1.9162738496071812,1.9162738496071812,-1.2179001744070241,0.2729347634814131,1.6498021791889999,0.13004068720489778,1.7419682552763367
2020-01-02,@,Murray State,L,76.0,89.0,22.0,59.0,0.373,10.0,27.0,0.37,22.0,27.0,0.815,6.0,27.0,8.0,6.0,5.0,13.0,23.0,,31.0,56.0,0.554,10.0,15.0,0.667,17.0,30.0,0.567,11.0,41.0,17.0,3.0,6.0,18.0,26.0,-13.0,0,10,82.5,72.44444444444444,88.11111111111111,0.022365208448258678,0.08748446513444691,0.4325555555555556,0.5332222222222222,80.27777777777777,-15.666666666666671,-0.19515570934256063,0,1,0,-9.851851851851848,0.5038888888888889,-0.12494128698919676,-15.666666666666671,13.0,82.5,64.2,70.1,67.15,5.8999999999999915,0.08786299329858513,1,0,0.0,2020-01-02,,UT-Martin,1,76.0,89.0,10.0,10.0,W,-0.07814633072015104,0.02759713322321422,11,8.066666666666677,6.777777777777779,0.413,0.44469999999999993,0.4086,0.11540295660467348,6.563888888888883,0.02484382492917608,-0.08268367399476158,2.668941552274889,2.668941552274889,-4.8513153513153515,-4.8513153513153515,-1.0102972056580322,0.2729347634814131,2.6887130481680006,0.13004068720489778,0.6435031612299327
2020-01-04,@,Austin Peay,L,63.0,82.0,22.0,47.0,0.468,3.0,15.0,0.2,16.0,26.0,0.615,8.0,24.0,13.0,3.0,4.0,18.0,13.0,,34.0,65.0,0.523,7.0,19.0,0.368,7.0,9.0,0.778,12.0,32.0,14.0,11.0,1.0,11.0,23.0,-19.0,0,11,72.5,72.8,88.2,0.02850860492907853,0.08103346102536307,0.4266,0.5353,80.5,-15.400000000000006,-0.19130434782608702,0,1,0,-9.851851851851848,0.5038888888888889,-0.12494128698919676,-15.666666666666671,19.0,72.5,76.41666666666667,72.66666666666667,74.54166666666667,-3.75,-0.05030743432084964,1,0,0.0,2020-01-04,,UT-Martin,1,63.0,82.0,7.0,3.0,W,-0.045175738250677555,-0.02235751368513178,13,3.1612903225806406,-4.555555555555557,0.48541666666666666,0.4434166666666666,0.47077419354838707,0.042982456140350817,2.9791666666666643,-0.025246416079235653,-0.06050410254543309,3.0582750582750613,3.0582750582750613,0.020007770007768027,0.9384933248569592,-1.4254129798772663,0.2729347634814131,3.2265084100178685,0.13004068720489778,0.6708008797082224
2020-01-09,,Tennessee State,W,87.0,74.0,28.0,60.0,0.467,8.0,25.0,0.32,23.0,31.0,0.742,10.0,34.0,11.0,5.0,6.0,10.0,19.0,,26.0,59.0,0.441,10.0,26.0,0.385,12.0,27.0,0.444,14.0,37.0,17.0,8.0,5.0,21.0,27.0,13.0,1,12,80.5,71.9090909090909,87.63636363636364,0.012645043711534965,0.06925572088366327,0.43036363636363634,0.5341818181818181,79.77272727272727,-15.727272727272734,-0.19715099715099724,1,0,0,-9.851851851851848,0.5038888888888889,-0.12494128698919676,-15.666666666666671,-13.0,80.5,71.84615384615384,73.38461538461539,72.61538461538461,1.5384615384615472,0.021186440677966222,0,1,0.0,2020-01-09,@,UT-Martin,0,87.0,74.0,10.0,8.0,L,0.013519663053344122,0.007674781365062222,14,-1.2580645161290391,1.2222222222222285,0.4141538461538462,0.47038461538461535,0.4140645161290323,-0.01781228591002522,3.5786713286713265,0.00985129158220818,0.030599248534295336,2.615044046862224,2.615044046862224,-3.180473372781065,-2.7668997668997672,-1.186378301690025,0.2729347634814131,3.2205794929781204,0.13004068720489778,-0.4920685572749116
2020-01-11,,Belmont,L,78.0,85.0,29.0,68.0,0.426,7.0,21.0,0.333,13.0,18.0,0.722,13.0,41.0,9.0,8.0,5.0,14.0,15.0,,31.0,69.0,0.449,12.0,34.0,0.353,11.0,14.0,0.786,9.0,36.0,22.0,9.0,3.0,12.0,14.0,-7.0,0,13,81.5,73.16666666666667,86.5,0.007660148146680867,0.07086870147992647,0.4334166666666666,0.5264166666666666,79.83333333333333,-13.333333333333329,-0.16701461377870558,1,0,0,-9.851851851851848,0.5038888888888889,-0.12494128698919676,-15.666666666666671,7.0,81.5,68.13333333333334,79.8,73.96666666666667,11.666666666666657,0.15772870662460556,0,1,0.0,2020-01-11,@,UT-Martin,1,78.0,85.0,12.0,7.0,W,0.06492175318433197,-0.04346565368901578,16,10.53125,10.222222222222214,0.4141333333333333,0.47526666666666667,0.4223124999999999,0.1431909921393669,2.93333333333333,-0.018247009249468434,0.06783008437245149,2.4713605838605788,2.650575182393359,-5.506532356532358,-5.643772893772896,-1.2905919444348957,0.2729347634814131,2.847359158885857,0.13004068720489778,0.5804956452674
2020-01-16,,Murray State,L,62.0,84.0,20.0,56.0,0.357,3.0,18.0,0.167,19.0,23.0,0.826,5.0,24.0,8.0,5.0,2.0,11.0,15.0,,30.0,62.0,0.484,8.0,24.0,0.333,16.0,22.0,0.727,11.0,43.0,21.0,5.0,6.0,11.0,19.0,-22.0,0,14,73.0,73.53846153846153,86.38461538461539,0.0034212445906721123,0.07383093620421471,0.4328461538461538,0.5204615384615384,79.96153846153847,-12.846153846153854,-0.16065416065416074,1,0,0,-9.851851851851848,0.5038888888888889,-0.12494128698919676,-15.666666666666671,22.0,73.0,65.28571428571429,73.14285714285714,69.21428571428571,7.857142857142847,0.11351909184726508,0,1,0.0,2020-01-16,@,UT-Martin,1,62.0,84.0,8.0,3.0,W,-0.07914936210388857,0.031114587567883822,15,8.066666666666677,6.777777777777779,0.40685714285714286,0.47178571428571425,0.4086,0.11540295660467348,5.373626373626379,0.01031749070305451,-0.07644391083727001,3.5960467323023853,3.1612370472664555,-6.961312409579215,-6.126518824312941,-1.7104427119032752,0.2729347634814131,3.4384276851254065,0.13004068720489778,0.857088353038224
2020-01-18,,Austin Peay,L,81.0,92.0,31.0,58.0,0.534,12.0,23.0,0.522,7.0,8.0,0.875,5.0,24.0,15.0,5.0,1.0,14.0,21.0,,30.0,55.0,0.545,11.0,24.0,0.458,21.0,25.0,0.84,7.0,29.0,19.0,10.0,2.0,9.0,14.0,-11.0,0,15,86.5,72.71428571428571,86.21428571428571,-0.007041061514497571,0.0667573280369565,0.42742857142857144,0.5178571428571428,79.46428571428571,-13.5,-0.16988764044943822,1,0,0,-9.851851851851848,0.5038888888888889,-0.12494128698919676,-15.666666666666671,11.0,86.5,73.0,74.0,73.5,1.0,0.013605442176870748,0,1,0.0,2020-01-18,@,UT-Martin,1,81.0,92.0,11.0,12.0,W,-0.03734192967145611,-0.018147649775121455,17,3.1612903225806406,-4.555555555555557,0.4749375,0.45649999999999996,0.47077419354838707,0.042982456140350817,2.982142857142854,0.011303924911736993,-0.04992842325379758,4.255988164496567,3.335629321658732,-2.733152876535229,1.0529139977669397,-2.2981935125570656,0.2729347634814131,3.769016183806926,0.13004068720489778,0.624796301589734
2020-01-23,@,Eastern Illinois,L,83.0,95.0,26.0,59.0,0.441,6.0,19.0,0.316,25.0,30.0,0.833,12.0,31.0,7.0,7.0,1.0,15.0,21.0,,34.0,63.0,0.54,8.0,24.0,0.333,19.0,26.0,0.731,10.0,28.0,22.0,10.0,3.0,9.0,18.0,-12.0,0,16,89.0,73.26666666666667,86.6,0.003127139260988565,0.06522852473213914,0.4345333333333333,0.5196666666666666,79.93333333333334,-13.333333333333329,-0.1668056713928273,0,1,0,-9.851851851851848,0.5038888888888889,-0.12494128698919676,-15.666666666666671,12.0,89.0,69.5,72.375,70.9375,2.875,0.04052863436123348,1,0,0.0,2020-01-23,,UT-Martin,1,83.0,95.0,8.0,6.0,W,-0.03114094241476939,-0.016761772175831025,17,2.3333333333333286,9.444444444444443,0.4223125,0.4390625,0.43363333333333326,0.03269500233535725,4.497916666666669,-0.00723991684032261,-0.045069698606535036,4.026029043196227,3.2882793548041245,-4.6035206736203245,-4.969648609044893,-2.4146029682048247,0.2729347634814131,3.72850112639184,0.13004068720489778,-1.2645138099621427
2020-01-25,@,SIU-Edwardsville,W,79.0,76.0,26.0,55.0,0.473,11.0,26.0,0.423,16.0,24.0,0.667,9.0,28.0,20.0,5.0,0.0,7.0,13.0,,29.0,54.0,0.537,9.0,25.0,0.36,9.0,9.0,1.0,5.0,27.0,20.0,4.0,1.0,12.0,19.0,3.0,1,17,77.5,73.875,87.125,-0.0038796920531271595,0.05663345712136253,0.4349375,0.5209374999999999,80.5,-13.25,-0.16459627329192547,0,1,0,-9.851851851851848,0.5038888888888889,-0.12494128698919676,-15.666666666666671,-3.0,77.5,75.66666666666667,66.0,70.83333333333333,-9.666666666666671,-0.1364705882352942,1,0,,2020-01-25,,UT-Martin,0,79.0,76.0,9.0,11.0,L,-0.06604961462914105,-0.0007490317074128061,19,-8.448275862068968,-14.333333333333329,0.4592222222222222,0.42650000000000005,0.4477931034482759,-0.12018641157714009,4.833333333333336,0.001704703013075806,-0.061160592034266464,4.097928491572068,3.564526065609658,-3.293003341687551,-2.587381332118173,-2.3930203390153406,0.2729347634814131,3.641303139325683,0.13004068720489778,-1.1828964505247397
2020-01-30,@,Eastern Kentucky,L,86.0,99.0,29.0,61.0,0.475,6.0,21.0,0.286,22.0,25.0,0.88,12.0,33.0,13.0,6.0,1.0,20.0,19.0,,35.0,68.0,0.515,10.0,27.0,0.37,19.0,20.0,0.95,7.0,27.0,21.0,15.0,1.0,14.0,19.0,-13.0,0,18,92.5,74.17647058823529,86.47058823529412,0.002891181115778352,0.05586339299815224,0.4371764705882353,0.5218823529411765,80.32352941176471,-12.294117647058826,-0.15305748809959724,0,1,0,-9.851851851851848,0.5038888888888889,-0.12494128698919676,-15.666666666666671,13.0,92.5,79.21052631578948,70.26315789473684,74.73684210526316,-8.947368421052644,-0.11971830985915509,1,0,0.0,2020-01-30,,UT-Martin,1,86.0,99.0,10.0,6.0,W,0.019059907559032807,-0.05438814947930387,20,-4.709677419354847,-17.0,0.48510526315789476,0.3903157894736842,0.4636774193548387,-0.06323083585967963,2.7933436532507727,-0.012539776341573782,0.03263052415268106,3.270231518820115,3.6161153775704835,-0.8162555511586012,0.8547770942507756,-2.2227824899231368,0.2729347634814131,2.930151433361292,0.13004068720489778,-1.4505340392136012
2020-02-01,@,Morehead State,L,77.0,85.0,25.0,57.0,0.439,5.0,21.0,0.238,22.0,29.0,0.759,6.0,29.0,5.0,8.0,4.0,8.0,25.0,,28.0,56.0,0.5,9.0,18.0,0.5,20.0,32.0,0.625,9.0,32.0,17.0,3.0,8.0,11.0,24.0,-8.0,0,19,81.0,74.83333333333333,87.16666666666667,-0.003947524687407444,0.05167640271446705,0.4392777777777777,0.5215000000000001,81.0,-12.333333333333343,-0.15226337448559682,0,1,0,-9.851851851851848,0.5038888888888889,-0.12494128698919676,-15.666666666666671,8.0,81.0,71.3,67.2,69.25,-4.099999999999994,-0.05920577617328512,1,0,0.0,2020-02-01,,UT-Martin,1,77.0,85.0,9.0,5.0,W,-0.06575650496103144,0.01256259441785057,21,-4.533333333333331,-1.5555555555555571,0.43,0.4262,0.4383333333333333,-0.06532180595581169,5.875,-0.007042098522624636,-0.058292878050943,2.674126117308521,3.6440131634791073,-4.134658236500343,-4.083361295801489,-2.107049423586203,0.2729347634814131,2.505716497099284,0.13004068720489778,-0.9214000831296252
2020-02-06,,Tennessee Tech,W,74.0,62.0,28.0,56.0,0.5,8.0,17.0,0.471,10.0,12.0,0.833,7.0,32.0,21.0,3.0,4.0,14.0,8.0,,25.0,64.0,0.391,9.0,35.0,0.257,3.0,4.0,0.75,12.0,32.0,16.0,8.0,3.0,12.0,16.0,12.0,1,20,68.0,74.94736842105263,87.05263157894737,-0.010153575587034613,0.04923259073770758,0.43926315789473674,0.5203684210526316,81.0,-12.10526315789474,-0.14944769330734248,1,0,0,-9.851851851851848,0.5038888888888889,-0.12494128698919676,-15.666666666666671,-12.0,68.0,75.19047619047619,63.23809523809524,69.21428571428571,-11.952380952380949,-0.17268661850705191,0,1,0.0,2020-02-06,@,UT-Martin,0,74.0,62.0,9.0,8.0,L,0.05695756560695475,0.005664998250766273,22,-8.965517241379303,-15.666666666666671,0.48009523809523824,0.402,0.4731724137931035,-0.13039117352056157,5.892857142857146,-0.007584193295240716,0.05295440035486505,2.4964209462703972,3.7967695919641,0.5377974156169639,1.4551968764887426,-2.145275792169722,0.2729347634814131,2.1352401902344096,0.13004068720489778,-2.020429099546119
2020-02-08,,Jacksonville State,L,61.0,75.0,22.0,61.0,0.361,9.0,32.0,0.281,8.0,10.0,0.8,14.0,34.0,15.0,4.0,3.0,13.0,11.0,,33.0,62.0,0.532,7.0,20.0,0.35,2.0,5.0,0.4,7.0,33.0,20.0,5.0,3.0,10.0,13.0,-14.0,0,21,68.0,74.9,85.8,-0.009118487604556191,0.0518602532807268,0.4422999999999999,0.5139,80.35,-10.899999999999991,-0.13565650280024882,1,0,0,-9.851851851851848,0.5038888888888889,-0.12494128698919676,-15.666666666666671,14.0,68.0,70.5,67.63636363636364,69.06818181818181,-2.8636363636363598,-0.04146100691016776,0,1,0.0,2020-02-08,@,UT-Martin,1,61.0,75.0,7.0,9.0,W,-0.005056620168404691,-0.03306014546945918,23,-1.9333333333333371,-6.0,0.45463636363636356,0.4286363636363637,0.46076666666666666,-0.027911453320500535,5.640909090909091,0.017362561063048506,-0.016193751964195903,1.7068478260869573,3.7027214550929997,-2.2360489122554874,-3.1082732432950873,-1.8309312067646781,0.2729347634814131,1.5802023186537242,0.13004068720489778,-1.4850722998650354
2020-02-13,@,Southeast Missouri State,L,72.0,74.0,24.0,54.0,0.444,8.0,18.0,0.444,16.0,17.0,0.941,6.0,26.0,14.0,8.0,0.0,14.0,17.0,,24.0,55.0,0.436,9.0,29.0,0.31,17.0,19.0,0.895,11.0,32.0,15.0,5.0,3.0,16.0,19.0,-2.0,0,22,73.0,74.23809523809524,85.28571428571429,-0.00371037878124586,0.0482846831222421,0.4384285714285714,0.5147619047619048,79.76190476190476,-11.047619047619051,-0.13850746268656722,0,1,0,-9.851851851851848,0.5038888888888889,-0.12494128698919676,-15.666666666666671,2.0,73.0,75.6086956521739,64.82608695652173,70.21739130434783,-10.782608695652172,-0.15356037151702784,1,0,0.0,2020-02-13,,UT-Martin,1,72.0,74.0,9.0,8.0,W,-0.03988251099724871,0.003899444681620401,24,-9.275862068965523,-6.111111111111114,0.48869565217391303,0.41860869565217385,0.48027586206896555,-0.13170134638922898,4.772256728778466,-0.0038037372155981485,-0.04388296258938644,1.5281071585419401,3.675320397652413,-0.6068686732297316,-1.571248823640127,-1.7789341541753445,0.2729347634814131,1.4128910971305306,0.13004068720489778,-1.620253154532078
2020-02-15,,Eastern Illinois,W (1 OT),80.0,79.0,29.0,57.0,0.509,13.0,26.0,0.5,9.0,12.0,0.75,3.0,26.0,20.0,6.0,1.0,10.0,14.0,,33.0,66.0,0.5,6.0,24.0,0.25,7.0,15.0,0.467,16.0,39.0,20.0,5.0,3.0,11.0,10.0,1.0,1,23,79.5,74.13636363636364,84.77272727272727,-0.002672124213024041,0.048405932802277674,0.4386818181818182,0.5111818181818182,79.45454545454545,-10.636363636363626,-0.13386727688787173,1,0,0,-9.851851851851848,0.5038888888888889,-0.12494128698919676,-15.666666666666671,-1.0,79.5,70.73913043478261,72.91304347826087,71.82608695652173,2.173913043478265,0.030266343825665922,0,1,0.0,2020-02-15,@,UT-Martin,0,80.0,79.0,6.0,13.0,L (1 OT),-0.043399138490292866,-0.03141004126799424,24,2.3333333333333286,9.444444444444443,0.43078260869565205,0.4514347826086957,0.43363333333333326,0.03269500233535725,3.8142292490118592,0.009161415382149842,-0.04583422063739995,0.99162162277775,3.645983693513338,-3.9116395387850944,-4.647026162243551,-1.5919363686826744,0.2729347634814131,0.927038680489801,0.13004068720489778,-1.3545258121779915
2020-02-20,@,Tennessee Tech,L,65.0,78.0,26.0,56.0,0.464,4.0,16.0,0.25,9.0,11.0,0.818,8.0,29.0,17.0,0.0,2.0,15.0,19.0,,26.0,62.0,0.419,11.0,36.0,0.306,15.0,20.0,0.75,11.0,32.0,20.0,8.0,2.0,6.0,10.0,-13.0,0,24,71.5,74.3913043478261,84.52173913043478,0.005587268521476674,0.042957119377592945,0.44173913043478263,0.5106956521739131,79.45652173913044,-10.130434782608688,-0.1274965800273597,0,1,0,-9.851851851851848,0.5038888888888889,-0.12494128698919676,-15.666666666666671,13.0,71.5,74.28,63.28,68.78,-11.0,-0.159930212271009,1,0,0.0,2020-02-20,,UT-Martin,1,65.0,78.0,11.0,4.0,W,0.06384605508953745,0.009577414955885266,26,-8.965517241379303,-15.666666666666671,0.47812000000000004,0.40171999999999997,0.4731724137931035,-0.13039117352056157,5.338260869565218,0.007315161590842519,0.05237024546695991,1.1305848352445702,3.776479247585966,-0.08545618729096958,2.2957742981656026,-1.6509181197153242,0.2729347634814131,0.9881819262656065,0.13004068720489778,-1.6082176315465102
2020-02-22,@,Jacksonville State,L,58.0,72.0,26.0,50.0,0.52,4.0,15.0,0.267,2.0,4.0,0.5,3.0,20.0,8.0,4.0,0.0,14.0,15.0,,27.0,53.0,0.509,9.0,23.0,0.391,9.0,13.0,0.692,8.0,28.0,14.0,4.0,3.0,13.0,9.0,-14.0,0,25,65.0,74.0,84.25,0.0006648270853006344,0.04552608299996902,0.4426666666666667,0.5068750000000001,79.125,-10.25,-0.12954186413902052,0,1,0,-9.851851851851848,0.5038888888888889,-0.12494128698919676,-15.666666666666671,14.0,65.0,71.0,68.6923076923077,69.84615384615384,-2.3076923076923066,-0.0330396475770925,1,0,0.0,2020-02-22,,UT-Martin,1,58.0,72.0,9.0,4.0,W,-0.011172738363686985,-0.012874307932707607,27,-1.9333333333333371,-6.0,0.4545769230769231,0.4340769230769231,0.46076666666666666,-0.027911453320500535,4.63942307692308,-0.0029256091020785457,-0.02255329275476536,0.6606937044437048,3.6614513769059225,-2.707379655832832,-3.480713996148778,-1.5546221509497777,0.2729347634814131,0.5734444609470687,0.13004068720489778,-1.1498241748288078
2020-02-27,,SIU-Edwardsville,L,75.0,90.0,25.0,69.0,0.362,5.0,25.0,0.2,20.0,26.0,0.769,23.0,48.0,6.0,5.0,7.0,14.0,19.0,,33.0,69.0,0.478,11.0,24.0,0.458,13.0,21.0,0.619,13.0,34.0,27.0,9.0,3.0,10.0,18.0,-15.0,0,26,82.5,73.36,83.76,-0.002728287949035846,0.046074491764306225,0.44576,0.5069600000000001,78.56,-10.400000000000006,-0.13238289205702655,1,0,0,-9.851851851851848,0.5038888888888889,-0.12494128698919676,-15.666666666666671,15.0,82.5,74.66666666666667,65.70370370370371,70.18518518518519,-8.962962962962962,-0.12770448548812663,0,1,,2020-02-27,@,UT-Martin,1,75.0,90.0,11.0,5.0,W,-0.06493360674875889,-0.009952933532460018,28,-8.448275862068968,-14.333333333333329,0.44970370370370377,0.42037037037037034,0.4477931034482759,-0.12018641157714009,4.187407407407406,0.005210994973531009,-0.054697193066668336,0.6232580170787071,3.6224561993214026,-1.9964079433172661,-2.7211457635595555,-1.6358959034511866,0.2729347634814131,0.4731733491758524,0.13004068720489778,-1.3342885563046798
2020-02-29,,Southeast Missouri State,W,87.0,78.0,30.0,55.0,0.545,6.0,22.0,0.273,21.0,30.0,0.7,9.0,36.0,16.0,3.0,2.0,10.0,18.0,,29.0,64.0,0.453,8.0,26.0,0.308,12.0,18.0,0.667,10.0,29.0,19.0,3.0,0.0,9.0,22.0,9.0,1,27,82.5,73.42307692307692,84.0,-0.007081198143699952,0.04636574778622132,0.44253846153846155,0.5058461538461538,78.71153846153847,-10.57692307692308,-0.13437576349865626,1,0,0,-9.851851851851848,0.5038888888888889,-0.12494128698919676,-15.666666666666671,-9.0,82.5,74.64285714285714,65.35714285714286,70.0,-9.285714285714278,-0.1326530612244897,0,1,0.0,2020-02-29,@,UT-Martin,0,87.0,78.0,8.0,6.0,L,-0.031557148989134476,0.000829704881757376,29,-9.275862068965523,-6.111111111111114,0.47796428571428573,0.4146785714285714,0.48027586206896555,-0.13170134638922898,4.3557692307692335,-0.0024239027762101182,-0.03825141580232578,0.2729347634814131,3.4949261316727576,-1.4332862551150736,-1.7786976433528177,-1.6421763246569838,0.2729347634814131,0.13004068720489778,0.13004068720489778,-1.3998412142086516
