Date,Loc,Opp_name,W,Score,Opp_score,FG,FGA,FG_Pct,Threes,ThreesA,Threes_Pct,FT,FTA,FT_Pct,ORB,TRB,AST,STL,BLK,TOV,PF,22,Opp_FG,Opp_FGA,Opp_FG_Pct,Opp_Threes,Opp_ThreesA,Opp_Threes_Pct,Opp_FT,Opp_FTA,Opp_FT_Pct,Opp_ORB,Opp_TRB,Opp_AST,Opp_STL,Opp_BLK,Opp_TOV,Opp_PF,Rest_Days,result,Win,Game_Number,Mean_Score,Home,Away,Neutral,Comb_Loc,SMA_Score_Fin,SMA_Score,EMA_Score_Fin,EMA_Score,Last3Avg_Score_Fin,Last3Avg_Score,Prev_Score_Fin,Prev_Score,SMA_Opp_score_Fin,SMA_Opp_score,EMA_Opp_score_Fin,EMA_Opp_score,Last3Avg_Opp_score_Fin,Last3Avg_Opp_score,Prev_Opp_score_Fin,Prev_Opp_score,SMA_Threes_Fin,SMA_Threes,EMA_Threes_Fin,EMA_Threes,Last3Avg_Threes_Fin,Last3Avg_Threes,Prev_Threes_Fin,Prev_Threes,SMA_Opp_Threes_Fin,SMA_Opp_Threes,EMA_Opp_Threes_Fin,EMA_Opp_Threes,Last3Avg_Opp_Threes_Fin,Last3Avg_Opp_Threes,Prev_Opp_Threes_Fin,Prev_Opp_Threes,SMA_FG_Pct_Fin,SMA_FG_Pct,EMA_FG_Pct_Fin,EMA_FG_Pct,Last3Avg_FG_Pct_Fin,Last3Avg_FG_Pct,Prev_FG_Pct_Fin,Prev_FG_Pct,SMA_Opp_FG_Pct_Fin,SMA_Opp_FG_Pct,EMA_Opp_FG_Pct_Fin,EMA_Opp_FG_Pct,Last3Avg_Opp_FG_Pct_Fin,Last3Avg_Opp_FG_Pct,Prev_Opp_FG_Pct_Fin,Prev_Opp_FG_Pct,SMA_Mean_Score_Fin,SMA_Mean_Score,EMA_Mean_Score_Fin,EMA_Mean_Score,Last3Avg_Mean_Score_Fin,Last3Avg_Mean_Score,Prev_Mean_Score_Fin,Prev_Mean_Score,SMA_Comb_Loc_Fin,SMA_Comb_Loc,EMA_Comb_Loc_Fin,EMA_Comb_Loc,Last3Avg_Comb_Loc_Fin,Last3Avg_Comb_Loc,Prev_Comb_Loc_Fin,Prev_Comb_Loc,SMA_Result,EMA_Result,Last3Avg_Result,Prev_Result,SMA_Pct_Margin,EMA_Pct_Margin,Last3Avg_Pct_Margin,Prev_Pct_Margin,SMA_Result_Fin,SMA_Pct_Margin_Fin,EMA_Result_Fin,EMA_Pct_Margin_Fin,Last3Avg_Result_Fin,Last3Avg_Pct_Margin_Fin,Prev_Result_Fin,Prev_Pct_Margin_Fin,Conference,Avg_Result_NC,Avg_Result_NC2,result2,Mean_Score2,SMA_Score2,EMA_Score2,Last3Avg_Score2,Prev_Score2,SMA_Mean_Score2,EMA_Mean_Score2,Last3Avg_Mean_Score2,Prev_Mean_Score2,SMA_Result2,EMA_Result2,Last3Avg_Result2,Prev_Result2,SMA_Pct_Margin2,EMA_Pct_Margin2,Last3Avg_Pct_Margin2,Prev_Pct_Margin2,Home2,Away2,Neutral2,Date2,Loc2,Opp_name2,Win2,Opp_score2,Score2,Threes2,Opp_Threes2,W2,SMA_Threes2,EMA_Threes2,Last3Avg_Threes2,Prev_Threes2,SMA_Opp_Threes2,EMA_Opp_Threes2,Last3Avg_Opp_Threes2,Prev_Opp_Threes2,Game_Number2,SMA_Comb_Loc2,EMA_Comb_Loc2,Last3Avg_Comb_Loc2,Prev_Comb_Loc2,SMA_Result_Fin2,EMA_Result_Fin2,Last3Avg_Result_Fin2,Prev_Result_Fin2,SMA_Opp_FG_Pct2,EMA_Opp_FG_Pct2,Last3Avg_Opp_FG_Pct2,Prev_Opp_FG_Pct2,Comb_Loc2,Rest_Days2,SMA_FG_Pct2,EMA_FG_Pct2,Last3Avg_FG_Pct2,Prev_FG_Pct2,SMA_Opp_FG_Pct_Fin2,EMA_Opp_FG_Pct_Fin2,Last3Avg_Opp_FG_Pct_Fin2,Prev_Opp_FG_Pct_Fin2,SMA_Pct_Margin_Fin2,EMA_Pct_Margin_Fin2,Last3Avg_Pct_Margin_Fin2,Prev_Pct_Margin_Fin2,Scoring_Pace_Diff,Matchup_Comp,Opp_Matchup_Comp,SOS,SOS_NC,Opp_SOS,Opp_SOS_NC,Prev_SOS,SOS_Fin,SOS_All,SOS_All_Fin,Opp_Prev_SOS
2015-11-13,@,Michigan State,L,55.0,82.0,20.0,59.0,0.339,5.0,20.0,0.25,10.0,14.0,0.714,4.0,25.0,9.0,5.0,3.0,10.0,25.0,,30.0,62.0,0.484,5.0,13.0,0.385,17.0,28.0,0.607,17.0,50.0,25.0,1.0,12.0,13.0,14.0,,-27.0,0,1,68.5,0,1,0,-1,65.96774193548387,,67.41990073493167,,66.0,,46.0,,74.48387096774194,,74.82003636488106,,67.66666666666667,,72.0,,7.096774193548387,,7.579023035266293,,7.0,,5.0,,5.225806451612903,,5.20110530655762,,4.666666666666667,,2.0,,0.40490322580645166,,0.4092801294036637,,0.405,,0.31399999999999995,,0.45506451612903226,,0.4554362713725134,,0.416333333333333,,0.5079999999999998,,70.2258064516129,,71.11996854990636,,66.83333333333333,,59.0,,-0.1935483870967742,,0.0011834536953130058,,0.3333333333333333,,0.0,,,,,,,,,,-8.516129032258064,-0.12126779972439136,-7.400135629949389,-0.10405144688381801,-1.6666666666666714,-0.0249376558603492,-26.0,-0.4406779661016949,CUSA,,,27.0,68.5,,,,,,,,,,,,,,,,,1,0,0.0,2015-11-13,,Florida Atlantic,1,55.0,82.0,5.0,5.0,W,,,,,,,,,1,,,,,15.657142857142858,14.024808119421266,-0.6666666666666714,-9.0,,,,,1,,,,,,0.3846,0.39685758550409334,0.42466666666666647,0.5589999999999998,0.21754664549424374,0.19304644817439617,-0.009433962264151009,-0.10526315789473684,,,,,,,,,-0.4931854495392694,,-0.6601944885169395,
2015-11-20,N,Northeastern,L,58.0,60.0,23.0,51.0,0.451,6.0,19.0,0.316,6.0,8.0,0.75,4.0,25.0,10.0,8.0,6.0,17.0,24.0,,18.0,50.0,0.36,4.0,14.0,0.286,20.0,28.0,0.714,12.0,35.0,9.0,8.0,2.0,16.0,13.0,7.0,-2.0,0,2,59.0,0,0,1,0,65.96774193548387,55.0,67.41990073493167,55.0,66.0,,46.0,55.0,74.48387096774194,82.0,74.82003636488106,82.0,67.66666666666667,,72.0,82.0,7.096774193548387,-0.04079708937661586,7.579023035266293,-0.04079708937661586,7.0,,5.0,-0.04079708937661586,5.225806451612903,-0.1305975328355959,5.20110530655762,-0.1305975328355959,4.666666666666667,,2.0,-0.1305975328355959,0.40490322580645166,0.339,0.4092801294036637,0.339,0.405,,0.31399999999999995,0.339,0.45506451612903226,0.484,0.4554362713725134,0.484,0.416333333333333,,0.5079999999999998,0.484,70.2258064516129,68.5,71.11996854990636,68.5,66.83333333333333,,59.0,68.5,-0.1935483870967742,2.0,0.0011834536953130058,2.0,0.3333333333333333,,0.0,2.0,-27.0,-27.0,,-27.0,-0.39416058394160586,-0.39416058394160586,,-0.39416058394160586,-8.516129032258064,-0.12126779972439136,-7.400135629949389,-0.10405144688381801,-1.6666666666666714,-0.0249376558603492,-26.0,-0.4406779661016949,CUSA,-27.0,3.0,2.0,59.0,87.0,87.0,,87.0,85.5,85.5,,85.5,3.0,3.0,,3.0,0.03508771929824561,0.03508771929824561,,0.03508771929824561,0,0,1.0,2015-11-20,N,Florida Atlantic,1,58.0,60.0,4.0,6.0,W,0.06578598272369762,0.06578598272369762,,0.06578598272369762,0.07933278075325428,0.07933278075325428,,0.07933278075325428,2,2.0,2.0,,2.0,0.25,-0.14230999027306268,3.3333333333333286,-3.0,0.462,0.462,,0.462,0,7.0,0.456,0.456,,0.456,0.46187500000000004,0.4547186452005287,0.443,0.47300000000000075,0.0035072336694432268,-0.0020328071839616447,0.05076142131979688,-0.04195804195804196,-8.5,-0.05689065430179183,-0.09269027478047545,16.5,16.5,-4.0,-4.0,-5.75,-0.4931854495392694,15.657142857142858,-0.6601944885169395,-0.11111111111110954
2015-11-21,@,Miami (OH),W,75.0,67.0,22.0,47.0,0.468,5.0,19.0,0.263,26.0,30.0,0.867,7.0,35.0,14.0,2.0,3.0,12.0,18.0,,24.0,53.0,0.453,8.0,21.0,0.381,11.0,16.0,0.688,3.0,21.0,14.0,4.0,0.0,8.0,22.0,1.0,8.0,1,3,71.0,0,1,0,-1,65.96774193548387,56.5,67.41990073493167,56.54838709677419,66.0,,46.0,58.0,74.48387096774194,71.0,74.82003636488106,70.64516129032258,67.66666666666667,,72.0,60.0,7.096774193548387,-0.02148896387380006,7.579023035266293,-0.020883175566524026,7.0,,5.0,-0.003179534517681659,5.225806451612903,-0.12338351703346603,5.20110530655762,-0.12311340319977901,4.666666666666667,,2.0,-0.11352436210388855,0.40490322580645166,0.395,0.4092801294036637,0.39680645161290323,0.405,,0.31399999999999995,0.451,0.45506451612903226,0.422,0.4554362713725134,0.42,0.416333333333333,,0.5079999999999998,0.36,70.2258064516129,63.75,71.11996854990636,63.596774193548384,66.83333333333333,,59.0,59.0,-0.1935483870967742,0.75,0.0011834536953130058,0.7023933402705516,0.3333333333333333,,0.0,0.0,-14.5,-14.096774193548384,,-2.0,-0.22745098039215686,-0.2216586355566827,,-0.03389830508474576,-8.516129032258064,-0.12126779972439136,-7.400135629949389,-0.10405144688381801,-1.6666666666666714,-0.0249376558603492,-26.0,-0.4406779661016949,CUSA,-14.5,-3.5,-8.0,71.0,71.0,70.96874999999999,,70.0,72.75,72.6328125,,69.0,-3.5,-3.328125000000014,,2.0,-0.048109965635738834,-0.045821232655695585,,0.028985507246376812,1,0,0.0,2015-11-21,,Florida Atlantic,0,75.0,67.0,8.0,5.0,L,0.045630567473576245,0.045128213853839305,,0.029332780753254295,0.14956288621825908,0.15650718363743638,,0.39235799083728795,3,0.0,0.002929687499999995,,3.0,-5.71875,-5.662234287337938,-4.333333333333329,-13.0,0.4155,0.415546875,,0.417,1,1.0,0.4175,0.416515625,,0.38599999999999995,0.4372812499999999,0.43513775736501464,0.4353333333333334,0.5000000000000002,-0.0867093105899076,-0.0859319671955001,-0.064516129032258,-0.14857142857142858,-4.5,-0.05669172301849219,-0.07503372507827874,14.416666666666664,14.416666666666664,3.7916666666666714,3.7916666666666714,-7.366666666666667,-0.4931854495392694,7.953571428571429,-0.6601944885169395,0.39583333333333337
2015-11-22,N,Lipscomb,L,65.0,79.0,24.0,66.0,0.364,7.0,28.0,0.25,10.0,14.0,0.714,7.0,32.0,10.0,6.0,2.0,9.0,20.0,,26.0,51.0,0.51,8.0,19.0,0.421,19.0,27.0,0.704,3.0,39.0,14.0,5.0,1.0,14.0,14.0,1.0,-14.0,0,4,72.0,0,0,1,0,65.96774193548387,62.666666666666664,67.41990073493167,63.0998613037448,66.0,62.666666666666664,46.0,75.0,74.48387096774194,69.66666666666667,74.82003636488106,69.35090152565881,67.66666666666667,69.66666666666667,72.0,67.0,7.096774193548387,-0.05820521316771832,7.579023035266293,-0.0599800165714125,7.0,-0.05820521316771832,5.0,-0.11352436210388855,5.225806451612903,-0.06950522334790771,5.20110530655762,-0.06555428090713647,4.666666666666667,-0.06950522334790771,2.0,0.04468459311999201,0.40490322580645166,0.41933333333333334,0.4092801294036637,0.4220846047156727,0.405,0.41933333333333334,0.31399999999999995,0.468,0.45506451612903226,0.4323333333333333,0.4554362713725134,0.4317170596393897,0.416333333333333,0.4323333333333333,0.5079999999999998,0.45299999999999996,70.2258064516129,66.16666666666667,71.11996854990636,66.2253814147018,66.83333333333333,66.16666666666667,59.0,71.0,-0.1935483870967742,1.7777777777777777,0.0011834536953130058,1.780244343943629,0.3333333333333333,1.7777777777777777,0.0,4.0,-7.000000000000007,-6.25104022191401,-7.000000000000007,8.0,-0.1057934508816122,-0.09439039969841988,-0.1057934508816122,0.11267605633802817,-8.516129032258064,-0.12126779972439136,-7.400135629949389,-0.10405144688381801,-1.6666666666666714,-0.0249376558603492,-26.0,-0.4406779661016949,CUSA,-7.0,-6.2,14.0,72.0,66.8,66.88724105379995,68.0,67.0,69.9,70.13906590917735,72.5,73.0,-6.200000000000003,-6.5036497107548,-9.0,-12.0,-0.08869814020028616,-0.09272506878230082,-0.12413793103448276,-0.1643835616438356,0,0,1.0,2015-11-22,N,Florida Atlantic,1,65.0,79.0,8.0,7.0,W,0.14455947023144078,0.14596910913093292,0.17176975554317025,-9.152628299302634e-05,0.1056537200878922,0.1026746462316282,0.11504706646753998,0.0282477897948456,6,0.9600000000000002,0.9009312694825236,0.6666666666666666,0.0,-5.032258064516128,-4.53791972114378,-11.333333333333329,-21.0,0.4152,0.4208186036701118,0.45533333333333337,0.5359999999999999,0,1.0,0.38960000000000006,0.3920910439452146,0.41500000000000004,0.3970000000000001,0.45474193548387093,0.45615922590164926,0.4503333333333333,0.5219999999999996,-0.06267577340297306,-0.05579945312628794,-0.1410788381742738,-0.24561403508771928,-1.8666666666666671,-0.07841936814128388,-0.10023790832560057,8.999999999999995,8.999999999999995,0.5333333333333314,0.5333333333333314,-2.766666666666669,-0.4931854495392694,3.3961309523809526,-0.6601944885169395,-1.3594444444444456
2015-12-01,@,East Carolina,L,48.0,74.0,19.0,53.0,0.358,5.0,23.0,0.217,5.0,12.0,0.417,6.0,27.0,16.0,3.0,4.0,12.0,13.0,,32.0,59.0,0.542,5.0,13.0,0.385,5.0,11.0,0.455,9.0,38.0,23.0,5.0,3.0,11.0,17.0,9.0,-26.0,0,5,61.0,0,1,0,-1,65.96774193548387,63.25,67.41990073493167,63.6218228153712,66.0,66.0,46.0,65.0,74.48387096774194,72.0,74.82003636488106,72.00147542083026,67.66666666666667,68.66666666666667,72.0,79.0,7.096774193548387,-0.04079708937661586,7.579023035266293,-0.04046590627385371,7.0,-0.04079708937661586,5.0,0.00955256097303453,5.225806451612903,-0.05310769543722188,5.20110530655762,-0.04872807591537015,4.666666666666667,-0.022262226181558487,2.0,-0.009726893749458176,0.40490322580645166,0.40549999999999997,0.4092801294036637,0.40612896519348135,0.405,0.42766666666666664,0.31399999999999995,0.36400000000000005,0.45506451612903226,0.45175,0.4554362713725134,0.45322111193078934,0.416333333333333,0.441,0.5079999999999998,0.51,70.2258064516129,67.625,71.11996854990636,67.81164911810073,66.83333333333333,67.33333333333333,59.0,72.0,-0.1935483870967742,1.25,0.0011834536953130058,1.170655567117586,0.3333333333333333,0.5555555555555556,0.0,0.0,-8.75,-8.379652605459057,-2.6666666666666714,-14.0,-0.12939001848428835,-0.123572464531353,-0.039603960396039674,-0.19444444444444445,-8.516129032258064,-0.12126779972439136,-7.400135629949389,-0.10405144688381801,-1.6666666666666714,-0.0249376558603492,-26.0,-0.4406779661016949,CUSA,-8.75,0.16666666666666666,26.0,61.0,67.33333333333333,67.50765803337546,64.33333333333333,93.0,67.25,67.45474804693627,66.5,83.0,0.1666666666666572,0.10581997287839329,-4.333333333333343,20.0,0.0024783147459725976,0.00156875499415937,-0.06516290726817058,0.24096385542168675,1,0,0.0,2015-12-01,,Florida Atlantic,1,48.0,74.0,5.0,5.0,W,-0.023920401707848926,-0.017878216884414377,0.04398859126398713,0.009056283057401748,0.014019062213729283,0.010661004534280705,0.02142709420679101,0.01524276118378265,7,0.0,0.010634051198760798,0.7777777777777777,0.0,-3.59375,-6.139740115838791,-7.333333333333329,-5.0,0.4018333333333333,0.40056501090017155,0.38966666666666666,0.4149999999999999,1,4.0,0.39599999999999996,0.3981375986978335,0.3906666666666667,0.5410000000000001,0.4453750000000001,0.4538475118166281,0.4133333333333335,0.42199999999999993,-0.05125919322487185,-0.08800903531800862,-0.12087912087912081,-0.072992700729927,0.1875,-0.0239152029911906,0.035642073573747685,4.528571428571432,4.528571428571432,-4.499999999999999,-4.499999999999999,0.0831904761904758,-0.4931854495392694,1.2890336981566826,-0.6601944885169395,3.1698809523809506
2015-12-12,@,UCF,L,61.0,75.0,21.0,57.0,0.368,5.0,18.0,0.278,14.0,23.0,0.609,6.0,28.0,13.0,4.0,3.0,8.0,18.0,,28.0,60.0,0.467,5.0,19.0,0.263,14.0,19.0,0.737,11.0,42.0,11.0,3.0,8.0,11.0,18.0,11.0,-14.0,0,6,68.0,0,1,0,-1,65.96774193548387,60.2,67.41990073493167,60.08175282934706,66.0,62.666666666666664,46.0,48.0,74.48387096774194,72.4,74.82003636488106,72.4543621910021,67.66666666666667,73.33333333333333,72.0,74.0,7.096774193548387,-0.03445459466202816,7.579023035266293,-0.0333253393650676,7.0,-0.042247766359207684,5.0,-0.0010243621038885653,5.225806451612903,-0.06490557757350185,5.20110530655762,-0.06309930943820963,4.666666666666667,-0.02716072574025219,2.0,-0.11082165940118585,0.40490322580645166,0.396,0.4092801294036637,0.3952224335323875,0.405,0.39666666666666667,0.31399999999999995,0.358,0.45506451612903226,0.46980000000000005,0.4554362713725134,0.4733393452996359,0.416333333333333,0.5016666666666666,0.5079999999999998,0.542,70.2258064516129,66.3,71.11996854990636,66.26805751017459,66.83333333333333,68.0,59.0,61.0,-0.1935483870967742,2.16,0.0011834536953130058,2.1659891874624324,0.3333333333333333,2.6666666666666665,0.0,6.0,-12.200000000000003,-12.372609361655044,-10.666666666666664,-26.0,-0.18401206636500758,-0.18670547812202573,-0.15686274509803919,-0.4262295081967213,-8.516129032258064,-0.12126779972439136,-7.400135629949389,-0.10405144688381801,-1.6666666666666714,-0.0249376558603492,-26.0,-0.4406779661016949,CUSA,-12.2,6.714285714285714,14.0,68.0,74.57142857142857,74.87231646220714,83.0,67.0,71.21428571428571,71.11234131566484,75.83333333333333,65.0,6.714285714285708,7.519950293084577,14.333333333333329,4.0,0.09428284854563683,0.10574747159151769,0.18901098901098895,0.06153846153846154,1,0,0.0,2015-12-12,,Florida Atlantic,1,61.0,75.0,5.0,5.0,W,-0.060650798885497736,-0.06582454704692545,-0.09665689222437049,-0.13441988449194828,0.014896690527690326,0.012258458692797014,-0.022262226181558487,0.01980897122944475,8,0.16326530612244897,0.2657333184899936,0.8888888888888888,8.0,-2.8333333333333286,-6.131388950756843,-5.000000000000007,-2.0,0.3654285714285715,0.3657265338319905,0.3823333333333334,0.38199999999999995,1,4.0,0.46514285714285714,0.4684282154852621,0.49266666666666664,0.439,0.4166666666666667,0.42253425095114544,0.39999999999999974,0.3910000000000004,-0.04038964124495122,-0.0899500660714288,-0.07915567282321911,-0.03125,-2.4571428571428555,-0.02265522972598699,0.06274213203229177,4.157698412698414,4.157698412698414,-4.5151360544217685,-4.5151360544217685,-1.548773448773448,-0.4931854495392694,0.31247695852534607,-0.6601944885169395,1.1643056230428666
2015-12-15,@,Eastern Kentucky,L,73.0,80.0,27.0,65.0,0.415,5.0,18.0,0.278,14.0,16.0,0.875,10.0,34.0,15.0,7.0,4.0,15.0,25.0,,24.0,56.0,0.429,5.0,15.0,0.333,27.0,33.0,0.818,7.0,32.0,15.0,11.0,7.0,13.0,17.0,3.0,-7.0,0,7,76.5,0,1,0,-1,65.96774193548387,60.333333333333336,67.41990073493167,60.260502607307664,66.0,58.0,46.0,61.0,74.48387096774194,72.83333333333333,74.82003636488106,72.94990653643464,67.66666666666667,76.0,72.0,75.0,7.096774193548387,-0.04004369912046318,7.579023035266293,-0.04008374082175836,7.0,-0.02042091382802652,5.0,-0.06762272275962627,5.225806451612903,-0.07324976256155447,5.20110530655762,-0.07319111318304902,4.666666666666667,-0.07668225684073068,2.0,-0.11352436210388855,0.40490322580645166,0.3913333333333333,0.4092801294036637,0.38992320244845025,0.405,0.3633333333333333,0.31399999999999995,0.368,0.45506451612903226,0.4693333333333334,0.4554362713725134,0.47210530222175767,0.416333333333333,0.5063333333333333,0.5079999999999998,0.4670000000000001,70.2258064516129,66.58333333333333,71.11996854990636,66.60520457187116,66.83333333333333,67.0,59.0,68.0,-0.1935483870967742,3.1111111111111107,0.0011834536953130058,3.2228690626957217,0.3333333333333333,3.1111111111111107,0.0,7.0,-12.499999999999993,-12.689403929126975,-18.0,-14.0,-0.18773466833541919,-0.19051670227113138,-0.26865671641791045,-0.20588235294117646,-8.516129032258064,-0.12126779972439136,-7.400135629949389,-0.10405144688381801,-1.6666666666666714,-0.0249376558603492,-26.0,-0.4406779661016949,CUSA,-12.5,0.8,7.0,76.5,85.2,83.887088560829,71.0,72.0,84.8,84.41722334345407,78.0,84.0,0.7999999999999972,-1.060269565250124,-14.0,-24.0,0.00943396226415091,-0.0125598725385267,-0.1794871794871795,-0.2857142857142857,1,0,,2015-12-15,,Florida Atlantic,1,73.0,80.0,5.0,5.0,W,0.017461553389069184,0.021456913786425613,-0.017749714216564627,0.01980897122944475,-0.0220551677910924,-0.020721952234228014,-0.07823024445682975,0.15522563789611143,11,0.0,0.15228290613737144,11.0,11.0,0.3333333333333286,0.1629214993522936,1.3333333333333428,-10.0,0.49589999999999995,0.5026078411524504,0.5260000000000001,0.5070000000000002,1,3.0,0.49590000000000006,0.4915781511375773,0.4170000000000002,0.476,0.4638666666666667,0.4488640715529018,0.4163333333333334,0.5180000000000001,0.004182350480970246,0.0020835602657966242,0.017094017094017217,-0.11494252873563218,-9.108333333333334,0.02971818472043396,-0.03576387338789277,4.835858585858585,4.835858585858585,-3.1938888888888877,-3.1938888888888877,-1.7361990835675043,-0.4931854495392694,-0.21182475678443305,-0.6601944885169395,-0.17529483325316697
2015-12-16,@,Tennessee,L,62.0,81.0,20.0,58.0,0.345,6.0,15.0,0.4,16.0,22.0,0.727,4.0,23.0,10.0,10.0,1.0,15.0,27.0,,27.0,56.0,0.482,3.0,13.0,0.231,24.0,33.0,0.727,10.0,40.0,11.0,6.0,8.0,15.0,20.0,1.0,-19.0,0,8,71.5,0,1,0,-1,65.96774193548387,62.142857142857146,67.41990073493167,62.45092978267902,66.0,60.666666666666664,46.0,73.0,74.48387096774194,73.85714285714286,74.82003636488106,74.1620984962493,67.66666666666667,76.33333333333333,72.0,80.0,7.096774193548387,-0.05145539658664722,7.579023035266293,-0.05374281671602665,7.0,-0.0662716148511413,5.0,-0.10804491004909406,5.225806451612903,-0.08141604488918838,5.20110530655762,-0.08299034020925139,4.666666666666667,-0.11701781188554794,2.0,-0.12602436210388857,0.40490322580645166,0.3947142857142857,0.4092801294036637,0.3942349030701489,0.405,0.38033333333333336,0.31399999999999995,0.4149999999999999,0.45506451612903226,0.4635714285714286,0.4554362713725134,0.464693783346351,0.416333333333333,0.47933333333333333,0.5079999999999998,0.4290000000000001,70.2258064516129,68.0,71.11996854990636,68.30651413946416,66.83333333333333,68.5,59.0,76.5,-0.1935483870967742,4.081632653061225,0.0011834536953130058,4.307790096264238,0.3333333333333333,8.0,0.0,8.0,-11.714285714285715,-11.71116871357028,-15.666666666666664,-7.0,-0.17226890756302524,-0.17145024689239913,-0.2287104622871046,-0.0915032679738562,-8.516129032258064,-0.12126779972439136,-7.400135629949389,-0.10405144688381801,-1.6666666666666714,-0.0249376558603492,-26.0,-0.4406779661016949,CUSA,-11.714285714285714,3.75,19.0,71.5,80.5,80.52994804811146,75.66666666666667,86.0,78.625,79.00893700535704,79.33333333333333,90.0,3.75,3.042022085508819,-7.333333333333329,-8.0,0.04769475357710652,0.0385022530464188,-0.09243697478991592,-0.08888888888888889,1,0,0.0,2015-12-16,,Florida Atlantic,1,62.0,81.0,3.0,6.0,W,-0.029362871420658743,-0.023811273394480748,-0.009559604394637489,-0.034454594662028104,-0.04479472041007748,-0.04303617020378342,-0.08460869945328617,0.005624574066324217,9,0.5625,0.3706914644091168,1.0,9.0,-0.05882352941175384,-1.6328450555819245,10.333333333333343,-9.0,0.415375,0.41930769522216044,0.4706666666666666,0.4680000000000001,1,4.0,0.44737499999999997,0.4466431391447079,0.4160000000000001,0.492,0.42888235294117655,0.43257148054572897,0.3963333333333336,0.45200000000000023,-0.0007827788649705013,-0.022048308786942427,0.13870246085011198,-0.11320754716981132,-5.3125,0.048009687602488284,0.04889385296394444,4.556096681096681,4.556096681096681,5.760258838383843,5.760258838383843,-2.012556203860552,-0.4931854495392694,-0.13394502962475283,-0.6601944885169395,-0.10235829958131071
2015-12-19,N,Florida State,L,59.0,64.0,23.0,53.0,0.434,5.0,14.0,0.357,8.0,14.0,0.571,5.0,31.0,14.0,2.0,1.0,15.0,17.0,,22.0,59.0,0.373,2.0,14.0,0.143,18.0,24.0,0.75,14.0,40.0,8.0,10.0,8.0,11.0,17.0,3.0,-5.0,0,9,61.5,0,0,1,0,65.96774193548387,62.125,67.41990073493167,62.381045150050404,66.0,65.33333333333333,46.0,62.0,74.48387096774194,74.75,74.82003636488106,75.22182941865857,67.66666666666667,78.66666666666667,72.0,81.0,7.096774193548387,-0.04793080073567929,7.579023035266293,-0.049038510716934214,7.0,-0.06862640292021507,5.0,-0.023201781458727255,5.225806451612903,-0.09780529855873807,5.20110530655762,-0.10292007622230329,4.666666666666667,-0.14827012481575297,2.0,-0.20241325099277746,0.40490322580645166,0.38849999999999996,0.4092801294036637,0.3866045285734352,0.405,0.37600000000000006,0.31399999999999995,0.3449999999999999,0.45506451612903226,0.46587500000000004,0.4554362713725134,0.4673758829536247,0.416333333333333,0.4593333333333333,0.5079999999999998,0.48200000000000004,70.2258064516129,68.4375,71.11996854990636,68.80143728435449,66.83333333333333,72.0,59.0,71.5,-0.1935483870967742,5.0625,0.0011834536953130058,5.406488824849998,0.3333333333333333,9.0,0.0,9.0,-12.625,-12.840784268608168,-13.333333333333343,-19.0,-0.18447488584474886,-0.18663540727408864,-0.1851851851851853,-0.26573426573426573,-8.516129032258064,-0.12126779972439136,-7.400135629949389,-0.10405144688381801,-1.6666666666666714,-0.0249376558603492,-26.0,-0.4406779661016949,CUSA,-12.625,14.333333333333334,5.0,61.5,85.88888888888889,84.94857740963916,80.33333333333333,90.0,78.72222222222223,78.03952538655587,72.66666666666667,78.0,14.333333333333329,13.818104046166553,15.333333333333329,24.0,0.18207480592801686,0.17706545468749155,0.21100917431192653,0.3076923076923077,0,0,1.0,2015-12-19,N,Florida Atlantic,1,59.0,64.0,2.0,5.0,W,-0.10007028707154705,-0.10682268669995335,-0.13925050318272672,-0.18019102877055523,0.021879364604185936,0.021197876765514434,0.055706407126880686,-0.04079708937661586,10,1.1111111111111112,1.104929296617769,4.444444444444445,10.0,4.0,2.0315829677735735,-4.333333333333343,-12.0,0.43322222222222223,0.43184141639039303,0.4103333333333334,0.38699999999999984,0,3.0,0.4917777777777778,0.4842218624747185,0.449,0.4759999999999999,0.4434411764705883,0.4509078826875039,0.47633333333333333,0.4729999999999997,0.05263157894736842,0.026729411351697884,-0.05316973415132936,-0.16,-5.142361111111114,-0.03238356782484769,0.0989313110389794,4.487279040404039,4.487279040404039,-2.628615520282185,-2.628615520282185,-1.4929191743216133,-0.4931854495392694,-0.12455484209812795,-0.6601944885169395,1.9704250841750843
2015-12-22,@,Hofstra,L,54.0,68.0,18.0,51.0,0.353,8.0,20.0,0.4,10.0,12.0,0.833,4.0,26.0,15.0,3.0,5.0,12.0,15.0,,24.0,63.0,0.381,9.0,26.0,0.346,11.0,17.0,0.647,18.0,47.0,11.0,3.0,6.0,11.0,12.0,3.0,-14.0,0,10,61.0,0,1,0,-1,65.96774193548387,61.77777777777778,67.41990073493167,61.9014103880161,66.0,64.66666666666667,46.0,59.0,74.48387096774194,73.55555555555556,74.82003636488106,73.62990170283744,67.66666666666667,75.0,72.0,64.0,7.096774193548387,-0.04913587289525545,7.579023035266293,-0.05042422640693128,7.0,-0.06610168169151745,5.0,-0.059287073968295356,5.225806451612903,-0.10959686965675866,5.20110530655762,-0.11732895143526156,4.666666666666667,-0.18019102877055523,2.0,-0.21977436210388857,0.40490322580645166,0.39355555555555555,0.4092801294036637,0.39332804590323045,0.405,0.39799999999999996,0.31399999999999995,0.43399999999999994,0.45506451612903226,0.4555555555555556,0.4554362713725134,0.4539877286541874,0.416333333333333,0.42799999999999994,0.5079999999999998,0.373,70.2258064516129,67.66666666666667,71.11996854990636,67.76565604542678,66.83333333333333,69.83333333333333,59.0,61.5,-0.1935483870967742,4.444444444444445,0.0011834536953130058,4.423735812811261,0.3333333333333333,4.444444444444445,0.0,0.0,-11.777777777777779,-11.72849131482134,-10.333333333333329,-5.0,-0.17405582922824303,-0.1730742679884798,-0.1479713603818615,-0.08130081300813008,-8.516129032258064,-0.12126779972439136,-7.400135629949389,-0.10405144688381801,-1.6666666666666714,-0.0249376558603492,-26.0,-0.4406779661016949,CUSA,-11.777777777777779,0.5555555555555556,14.0,61.0,80.33333333333333,79.44302219920594,74.0,68.0,80.05555555555556,79.40967276143633,75.66666666666667,69.5,0.5555555555555571,0.06669887553924525,-3.3333333333333286,-3.0,0.006939625260235967,0.0008399338924317566,-0.04405286343612328,-0.04316546762589928,1,0,0.0,2015-12-22,,Florida Atlantic,1,54.0,68.0,9.0,8.0,W,0.04332211092515709,0.04133187493007373,0.037826989247462806,0.17176975554317025,-0.0335800724102952,-0.031039898268732047,0.00975149996507696,0.0667573280369565,10,1.1111111111111112,1.6957541535972642,4.444444444444445,10.0,4.242424242424235,4.007782949975692,-2.0,-2.0,0.4641111111111111,0.4647242530961309,0.4646666666666666,0.44599999999999995,1,2.0,0.44722222222222224,0.44100965324713254,0.40166666666666656,0.36400000000000016,0.4398484848484849,0.43720873872876503,0.45633333333333304,0.4699999999999996,0.05566600397614304,0.05329610013409601,-0.026548672566371685,-0.024691358024691357,-6.194444444444443,0.04062002178440749,-0.06890549865083397,4.529271345938015,4.529271345938015,2.687293570626906,2.687293570626906,-1.1938579476079478,-0.4931854495392694,0.3337290292461085,-0.6601944885169395,-1.4966224724894757
2015-12-29,,UT-Martin,L,48.0,57.0,18.0,56.0,0.321,4.0,21.0,0.19,8.0,10.0,0.8,8.0,34.0,8.0,8.0,2.0,14.0,17.0,,22.0,58.0,0.379,3.0,16.0,0.188,10.0,15.0,0.667,11.0,43.0,7.0,4.0,1.0,13.0,13.0,7.0,-9.0,0,11,52.5,1,0,0,1,65.96774193548387,61.0,67.41990073493167,60.86293067531165,66.0,58.333333333333336,46.0,54.0,74.48387096774194,73.0,74.82003636488106,72.88996561348,67.66666666666667,71.0,72.0,68.0,7.096774193548387,-0.03319649325142954,7.579023035266293,-0.0292777395275457,7.0,0.012189923610397113,5.0,0.13092008234055585,5.225806451612903,-0.09160655388471045,5.20110530655762,-0.09270059657178939,4.666666666666667,-0.11634126351233928,2.0,0.08353446142552318,0.40490322580645166,0.38949999999999996,0.4092801294036637,0.38802774437895615,0.405,0.3773333333333333,0.31399999999999995,0.3529999999999999,0.45506451612903226,0.44810000000000005,0.4554362713725134,0.44439497599844524,0.416333333333333,0.4119999999999999,0.5079999999999998,0.381,70.2258064516129,67.0,71.11996854990636,66.87644814439584,66.83333333333333,64.66666666666667,59.0,61.0,-0.1935483870967742,5.39,0.0011834536953130058,5.53145592753269,0.3333333333333333,4.888888888888888,0.0,11.0,-12.0,-12.027034938168349,-12.666666666666664,-14.0,-0.1791044776119403,-0.17983961875786608,-0.19587628865979376,-0.22950819672131148,-8.516129032258064,-0.12126779972439136,-7.400135629949389,-0.10405144688381801,-1.6666666666666714,-0.0249376558603492,-26.0,-0.4406779661016949,CUSA,-12.0,-4.666666666666667,9.0,52.5,67.5,68.02015113804337,75.33333333333333,70.0,69.83333333333333,69.29622612066603,69.83333333333333,58.5,-4.666666666666671,-2.5521499652452775,11.0,23.0,-0.06682577565632465,-0.036829566458658224,0.15751789976133654,0.39316239316239315,0,1,0.0,2015-12-29,@,Florida Atlantic,1,48.0,57.0,3.0,4.0,W,0.034623786044259586,0.02964169636099656,0.005059708692571607,0.11504706646753998,-0.008674477577329698,-0.016514871636440664,-0.06481969889145331,-0.18586478763580347,13,1.4444444444444444,1.1545878752434178,1.4444444444444444,13.0,-0.8484848484848442,0.8274180380667673,-3.333333333333343,-3.0,0.4383333333333333,0.4246817584164559,0.34299999999999997,0.259,-1,8.0,0.41558333333333336,0.4144642175787262,0.41266666666666674,0.4190000000000001,0.4354848484848484,0.4316470662810557,0.436,0.39099999999999985,-0.011849344054168369,0.011387335146097945,-0.042735042735042854,-0.03680981595092025,-1.4166666666666643,0.016969450089955835,-0.056318431458592236,4.507692307692309,4.507692307692309,-3.955092592592593,-3.955092592592593,-1.1215811017093067,-0.4931854495392694,0.7245985505639212,-0.6601944885169395,0.6114422619094328
2016-01-03,@,Florida International,L,59.0,76.0,21.0,55.0,0.382,8.0,20.0,0.4,9.0,18.0,0.5,6.0,23.0,13.0,9.0,4.0,8.0,20.0,,26.0,52.0,0.5,5.0,15.0,0.333,19.0,26.0,0.731,10.0,41.0,11.0,4.0,5.0,14.0,17.0,5.0,-17.0,0,12,67.5,0,1,0,-1,65.96774193548387,59.81818181818182,67.41990073493167,59.28137604730458,66.0,53.666666666666664,46.0,48.0,74.48387096774194,71.54545454545455,74.82003636488106,70.93622355506191,67.66666666666667,63.0,72.0,57.0,7.096774193548387,-0.03540886058413173,7.579023035266293,-0.03268719464149511,7.0,0.0032458242315151487,5.0,-0.06352436210388857,5.225806451612903,-0.09624354888914907,5.20110530655762,-0.09891790036089801,4.666666666666667,-0.09130213988166636,2.0,-0.1556296252617833,0.40490322580645166,0.3832727272727272,0.4092801294036637,0.37978638461396275,0.405,0.3693333333333333,0.31399999999999995,0.32099999999999995,0.45506451612903226,0.44181818181818194,0.4554362713725134,0.43635437237945335,0.416333333333333,0.3776666666666666,0.5079999999999998,0.379,70.2258064516129,65.68181818181819,71.11996854990636,65.10879980118324,66.83333333333333,58.333333333333336,59.0,52.5,-0.1935483870967742,3.570247933884297,0.0011834536953130058,2.9877881855727297,0.3333333333333333,0.0,0.0,12.0,-11.727272727272727,-11.654847507757331,-9.333333333333336,-9.0,-0.17854671280276815,-0.1790057187868102,-0.16000000000000003,-0.17142857142857143,-8.516129032258064,-0.12126779972439136,-7.400135629949389,-0.10405144688381801,-1.6666666666666714,-0.0249376558603492,-26.0,-0.4406779661016949,CUSA,-11.727272727272727,-0.18181818181818182,17.0,67.5,70.9090909090909,70.8731497188452,68.66666666666667,65.0,71.0,70.5865824349019,63.0,55.0,-0.18181818181818699,0.5731345678866262,11.333333333333336,20.0,-0.0025608194622279857,0.0081195965028509,0.17989417989417994,0.36363636363636365,1,0,0.0,2016-01-03,,Florida Atlantic,1,59.0,76.0,5.0,8.0,W,-0.032755131334657794,-0.03843307541227814,-0.022262226181558487,0.10186025328072684,-0.018127942666548436,-0.020526502228389865,-0.13910575745272577,-0.11352436210388855,12,0.09917355371900827,0.07498532706738152,1.3333333333333333,12.0,-0.4333333333333371,-1.5916524203294244,-9.333333333333329,-8.0,0.3989090909090909,0.394144268505242,0.3276666666666667,0.30800000000000016,1,5.0,0.46327272727272734,0.4641220719478152,0.4566666666666667,0.4660000000000001,0.41773333333333335,0.42621272984665914,0.4593333333333334,0.5100000000000002,-0.0060591936611512996,-0.02228948620565598,-0.13397129186602863,-0.09876543209876543,-2.6590909090909065,0.02533554409435382,0.05614686174647374,3.1836163836163816,3.1836163836163816,-3.7494853631217238,-3.7494853631217238,-0.7730604220537108,-0.4931854495392694,0.5815909688322152,-0.6601944885169395,-1.3825212222564867
2016-01-07,@,Marshall,L,67.0,90.0,24.0,64.0,0.375,6.0,24.0,0.25,13.0,19.0,0.684,6.0,30.0,8.0,5.0,2.0,11.0,12.0,,35.0,74.0,0.473,9.0,28.0,0.321,11.0,12.0,0.917,15.0,48.0,16.0,8.0,3.0,9.0,15.0,4.0,-23.0,0,13,78.5,0,1,0,-1,65.96774193548387,59.75,67.41990073493167,59.24875188477917,66.0,53.666666666666664,46.0,59.0,74.48387096774194,71.91666666666667,74.82003636488106,71.5233434158836,67.66666666666667,67.0,72.0,76.0,7.096774193548387,-0.024821433233595702,7.579023035266293,-0.018146091974340695,7.0,0.05914644534952762,5.0,0.09325529891306061,5.225806451612903,-0.09799713151292683,5.20110530655762,-0.10104166279024418,4.666666666666667,-0.059793018820306465,2.0,-0.11615594105125698,0.40490322580645166,0.3831666666666666,0.4092801294036637,0.38004304238144027,0.405,0.3519999999999999,0.31399999999999995,0.38199999999999995,0.45506451612903226,0.44666666666666677,0.4554362713725134,0.4437337684560394,0.416333333333333,0.41999999999999993,0.5079999999999998,0.5,70.2258064516129,65.83333333333333,71.11996854990636,65.38604765033139,66.83333333333333,60.333333333333336,59.0,67.5,-0.1935483870967742,4.423611111111112,0.0011834536953130058,4.034279086759583,0.3333333333333333,1.4444444444444444,0.0,13.0,-12.166666666666671,-12.274591531104434,-13.333333333333336,-17.0,-0.18481012658227858,-0.18772493478648458,-0.22099447513812157,-0.2518518518518518,-8.516129032258064,-0.12126779972439136,-7.400135629949389,-0.10405144688381801,-1.6666666666666714,-0.0249376558603492,-26.0,-0.4406779661016949,CUSA,-11.727272727272727,-6.230769230769231,23.0,78.5,78.5,79.66125566893278,80.66666666666667,94.0,80.75,81.13417519805672,81.66666666666667,85.0,-4.5,-2.9458390582478557,-2.0,18.0,-0.05572755417956656,-0.03630823942015513,-0.024489795918367346,0.21176470588235294,1,0,0.0,2016-01-07,,Florida Atlantic,1,67.0,90.0,9.0,6.0,W,0.014046156549432642,0.013661668164214713,0.021186381697764323,0.037539467683345484,-0.037276513566883385,-0.03516552463681505,-0.05949210403937244,-0.23457699368283594,15,0.07653061224489795,0.2062957461188688,0.0,15.0,1.1212121212121247,2.1697960501716125,-1.6666666666666714,-9.0,0.4775714285714286,0.4803027970858661,0.5083333333333333,0.5500000000000002,1,4.0,0.4310714285714286,0.43806287691222606,0.4476666666666668,0.5210000000000001,0.4696363636363636,0.474474859447376,0.5273333333333334,0.5849999999999996,0.013122894130164963,0.024705485423593427,-0.017391304347826136,-0.09523809523809523,-7.458333333333336,0.03041802907293009,-0.03710098449672069,2.8212301587301565,2.964069264069262,4.323783359497642,4.835869258946179,-0.9187716650819071,-0.4931854495392694,0.4970139436517525,-0.6601944885169395,-0.7456272579025719
2016-01-09,@,Western Kentucky,L (1 OT),82.0,86.0,27.0,63.0,0.429,7.0,19.0,0.368,21.0,29.0,0.724,13.0,40.0,10.0,2.0,5.0,8.0,25.0,,33.0,64.0,0.516,5.0,10.0,0.5,15.0,27.0,0.556,6.0,33.0,11.0,7.0,5.0,5.0,23.0,2.0,-4.0,0,14,84.0,0,1,0,-1,65.96774193548387,60.30769230769231,67.41990073493167,60.101875562463526,66.0,58.0,46.0,67.0,74.48387096774194,73.3076923076923,74.82003636488106,73.55693503648973,67.66666666666667,74.33333333333333,72.0,90.0,7.096774193548387,-0.026534566185521247,7.579023035266293,-0.021424695042233266,7.0,-0.003179534517681659,5.0,-0.04486764568597812,5.225806451612903,-0.09001964017314351,5.20110530655762,-0.0892560232116319,4.666666666666667,-0.08482481053438182,2.0,-0.013524362103888576,0.40490322580645166,0.38253846153846144,0.4092801294036637,0.3794879912723519,0.405,0.3593333333333333,0.31399999999999995,0.3749999999999999,0.45506451612903226,0.4486923076923078,0.4554362713725134,0.4469548903599709,0.416333333333333,0.45066666666666655,0.5079999999999998,0.473,70.2258064516129,66.8076923076923,71.11996854990636,66.82940529947663,66.83333333333333,66.16666666666667,59.0,78.5,-0.1935483870967742,5.3017751479289945,0.0011834536953130058,5.138281278491566,0.3333333333333333,1.5555555555555554,0.0,14.0,-13.0,-13.455059474026207,-16.33333333333333,-23.0,-0.19458837075417387,-0.2013344187896219,-0.2468513853904281,-0.2929936305732484,-8.516129032258064,-0.12126779972439136,-7.400135629949389,-0.10405144688381801,-1.6666666666666714,-0.0249376558603492,-26.0,-0.4406779661016949,CUSA,-11.727272727272727,-0.9090909090909091,4.0,84.0,75.3076923076923,74.71784476312186,75.66666666666667,72.0,76.5,76.30046220961223,78.33333333333333,73.5,-2.384615384615387,-3.165234892980749,-5.333333333333329,-3.0,-0.031171442936148847,-0.04148382331269805,-0.06808510638297867,-0.04081632653061224,1,0,0.0,2016-01-09,,Florida Atlantic,1,82.0,86.0,5.0,7.0,W (1 OT),-0.019346629723908992,-0.03308934599134017,-0.10207061761049652,0.061475637896111435,0.042911281460467854,0.0397103538059953,0.03215465024179043,-0.07352436210388857,14,0.33136094674556216,0.4323161960466022,1.5555555555555554,14.0,-0.40625,0.7280096660814621,2.3333333333333286,-12.0,0.4567692307692307,0.46149559616817687,0.4853333333333334,0.4999999999999999,1,2.0,0.4646923076923076,0.46373216635999653,0.48633333333333334,0.4179999999999999,0.46184375000000005,0.4663614514488421,0.47533333333333366,0.5739999999999996,-0.005335522265544839,0.009527152443602227,0.028513238289205645,-0.14457831325301204,-4.846153846153847,-0.033743625146363795,0.04173220155119222,2.531332769794307,3.108125208125207,2.9059219626527306,3.5508215269578893,-0.6166033492040105,-0.4931854495392694,0.5450291880794734,-0.6601944885169395,-0.6775250972687393
2016-01-14,,Southern Miss,W,58.0,51.0,20.0,47.0,0.426,4.0,17.0,0.235,14.0,22.0,0.636,5.0,31.0,8.0,4.0,2.0,9.0,19.0,,17.0,45.0,0.378,2.0,15.0,0.133,15.0,23.0,0.652,4.0,27.0,2.0,5.0,0.0,10.0,21.0,5.0,7.0,1,15,54.5,1,0,0,1,65.96774193548387,61.857142857142854,67.41990073493167,62.40261390081148,66.0,69.33333333333333,46.0,82.0,74.48387096774194,74.21428571428571,74.82003636488106,74.86427241553163,67.66666666666667,84.0,72.0,86.0,7.096774193548387,-0.02945969697686779,7.579023035266293,-0.026395186000181647,7.0,-0.010639746719273147,5.0,-0.057426801128278804,5.225806451612903,-0.09408259117029857,5.20110530655762,-0.09527256587308011,4.666666666666667,-0.08733388591341237,2.0,-0.13910575745272577,0.40490322580645166,0.3858571428571428,0.4092801294036637,0.3846899973625654,0.405,0.3953333333333333,0.31399999999999995,0.4289999999999998,0.45506451612903226,0.45350000000000007,0.4554362713725134,0.4542091523072614,0.416333333333333,0.49633333333333324,0.5079999999999998,0.516,70.2258064516129,68.03571428571429,71.11996854990636,68.63344315817156,66.83333333333333,76.66666666666667,59.0,84.0,-0.1935483870967742,6.198979591836736,0.0011834536953130058,6.283723871586224,0.3333333333333333,15.0,0.0,15.0,-12.357142857142854,-12.461658514720149,-14.666666666666671,-4.0,-0.18162729658792645,-0.18156831336585003,-0.19130434782608702,-0.047619047619047616,-8.516129032258064,-0.12126779972439136,-7.400135629949389,-0.10405144688381801,-1.6666666666666714,-0.0249376558603492,-26.0,-0.4406779661016949,CUSA,-11.727272727272727,-9.777777777777779,-7.0,54.5,57.666666666666664,58.80796519625753,68.66666666666667,73.0,62.75,63.7380043943218,74.33333333333333,72.0,-10.166666666666664,-9.860078396128543,-11.333333333333329,2.0,-0.16201859229747673,-0.1546970051827814,-0.15246636771300442,0.027777777777777776,0,1,,2016-01-14,@,Florida Atlantic,0,58.0,51.0,2.0,4.0,L,0.08965482864755653,0.0879066934876358,0.06511641459514056,0.13853043241665935,0.06976802118849473,0.06733391437161107,0.03647563789611141,-0.017749714216564627,13,0.0,0.05231047212157594,1.4444444444444444,13.0,-6.925925925925931,-6.043321414260859,-2.0,-2.0,0.4186666666666667,0.4216511981291401,0.4666666666666668,0.43100000000000005,-1,5.0,0.38716666666666666,0.3977122398047097,0.47466666666666674,0.4889999999999999,0.43692592592592594,0.4544640890055749,0.46933333333333344,0.4999999999999999,-0.10300192784356933,-0.08500202196939187,-0.024,-0.018691588785046728,2.642857142857146,-0.04533591030175468,-0.09184203062917999,1.6544717887154856,2.4060160427807484,1.1994293900543884,1.0963291338291314,-0.09203937868321402,-0.4931854495392694,0.47708067464522536,-0.6601944885169395,-0.5672253170890743
2016-01-16,,Louisiana Tech,W,63.0,61.0,20.0,54.0,0.37,6.0,22.0,0.273,17.0,21.0,0.81,3.0,27.0,9.0,5.0,3.0,7.0,20.0,,23.0,58.0,0.397,3.0,11.0,0.273,12.0,20.0,0.6,9.0,40.0,6.0,3.0,5.0,13.0,17.0,2.0,2.0,1,16,62.0,1,0,0,1,65.96774193548387,61.6,67.41990073493167,61.958936259754466,66.0,69.0,46.0,58.0,74.48387096774194,72.66666666666667,74.82003636488106,72.45932746023735,67.66666666666667,75.66666666666667,72.0,51.0,7.096774193548387,-0.03430358288310936,7.579023035266293,-0.03396407230050125,7.0,-0.06714755050968566,5.0,-0.10662781037975064,5.225806451612903,-0.09884546302131975,5.20110530655762,-0.1024085068931248,4.666666666666667,-0.10207061761049652,2.0,-0.19587730328035916,0.40490322580645166,0.3885333333333333,0.4092801294036637,0.38885305252369545,0.405,0.41,0.31399999999999995,0.42599999999999977,0.45506451612903226,0.44846666666666674,0.4554362713725134,0.4465291018453283,0.416333333333333,0.4556666666666665,0.5079999999999998,0.378,70.2258064516129,67.13333333333334,71.11996854990636,67.2091318599959,66.83333333333333,72.33333333333333,59.0,54.5,-0.1935483870967742,4.551111111111111,0.0011834536953130058,3.7053870462184686,0.3333333333333333,1.7777777777777777,0.0,16.0,-11.06666666666667,-10.50039120048288,-6.666666666666671,7.0,-0.16484607745779548,-0.15623459059635472,-0.0921658986175116,0.12844036697247707,-8.516129032258064,-0.12126779972439136,-7.400135629949389,-0.10405144688381801,-1.6666666666666714,-0.0249376558603492,-26.0,-0.4406779661016949,CUSA,-11.727272727272727,5.7272727272727275,-2.0,62.0,79.06666666666666,78.54447810519542,73.33333333333333,74.0,76.43333333333334,76.28056928990662,75.66666666666667,81.0,5.266666666666666,4.52781763057763,-4.666666666666671,-14.0,0.06890536415176624,0.05935741792080131,-0.06167400881057274,-0.1728395061728395,0,1,0.0,2016-01-16,@,Florida Atlantic,0,63.0,61.0,3.0,6.0,L,-0.030219134447902085,-0.020208545554302404,0.06829381971429327,-0.07028111886064531,-0.04794170627733024,-0.04937352778512055,-0.03147308005260652,0.02738472880520232,16,0.6400000000000001,0.9100105381928568,1.7777777777777777,16.0,4.322580645161295,2.8510763901665683,-9.0,-5.0,0.42860000000000004,0.4366489419303323,0.47533333333333333,0.5690000000000002,-1,2.0,0.4415333333333333,0.4421862297016417,0.4446666666666666,0.41400000000000026,0.43916129032258056,0.450419858106833,0.4786666666666664,0.4350000000000002,0.056302521008403425,0.036684677132471616,-0.11320754716981132,-0.05847953216374269,-4.649999999999999,0.04055332655704193,0.0546536763320309,0.7522796212502096,2.0833704693998825,-1.6389564629270506,-1.228520091020089,0.04787529642986345,-0.4931854495392694,-0.01645309872618507,-0.6601944885169395,-0.5930476526158011
2016-01-21,@,UTEP,L,56.0,71.0,21.0,56.0,0.375,11.0,26.0,0.423,3.0,6.0,0.5,5.0,28.0,15.0,4.0,2.0,18.0,22.0,,25.0,50.0,0.5,4.0,11.0,0.364,17.0,22.0,0.773,4.0,33.0,18.0,9.0,4.0,11.0,12.0,5.0,-15.0,0,17,63.5,0,1,0,-1,65.96774193548387,61.6875,67.41990073493167,62.05998280384035,66.0,67.66666666666667,46.0,63.0,74.48387096774194,71.9375,74.82003636488106,71.34707525833817,67.66666666666667,66.0,72.0,61.0,7.096774193548387,-0.03388910374522597,7.579023035266293,-0.03335771271679816,7.0,-0.062292835010292535,5.0,-0.027810076389602867,5.225806451612903,-0.10240359755132558,5.20110530655762,-0.10768424582242622,4.666666666666667,-0.16200921058873705,2.0,-0.1659833784973312,0.40490322580645166,0.38737499999999997,0.4092801294036637,0.38702315899331485,0.405,0.4083333333333334,0.31399999999999995,0.36999999999999983,0.45506451612903226,0.4452500000000001,0.4554362713725134,0.44172176452324663,0.416333333333333,0.4303333333333332,0.5079999999999998,0.397,70.2258064516129,66.8125,71.11996854990636,66.70352903108926,66.83333333333333,66.83333333333333,59.0,62.0,-0.1935483870967742,3.25390625,0.0011834536953130058,1.936000584650117,0.3333333333333333,1.8888888888888888,0.0,17.0,-10.25,-9.287092454497817,1.6666666666666714,2.0,-0.15341440598690365,-0.1392294019431757,0.0249376558603492,0.03225806451612903,-8.516129032258064,-0.12126779972439136,-7.400135629949389,-0.10405144688381801,-1.6666666666666714,-0.0249376558603492,-26.0,-0.4406779661016949,CUSA,-11.727272727272727,3.0,15.0,63.5,74.17647058823529,73.94625864904192,73.0,67.0,73.32352941176471,73.60812689858714,75.83333333333333,69.0,1.705882352941174,0.6762635009095561,-5.666666666666671,-4.0,0.02326514239871637,0.009187348318770173,-0.07472527472527479,-0.057971014492753624,1,0,0.0,2016-01-21,,Florida Atlantic,1,56.0,71.0,4.0,11.0,W,-0.04231103934417402,-0.04263542428277067,-0.03955175936416255,-9.152628299302634e-05,-0.006706180285706742,-0.012674810914659496,-0.033863345154736046,-0.10225675647008575,18,1.5570934256055364,0.6775728655639532,18.0,18.0,1.125,0.5640190424144436,4.333333333333343,-2.0,0.4075882352941176,0.4089527781934383,0.39433333333333326,0.3809999999999999,1,5.0,0.4411176470588235,0.4380438969831156,0.4393333333333332,0.4459999999999999,0.4295,0.44073910785407516,0.4176666666666667,0.4349999999999999,0.014754098360655738,0.0072167129984598965,0.05316973415132936,-0.023255813953488372,-3.255514705882355,0.015075358683510813,0.06582402786960928,0.7002239437441635,1.5110219845513948,-1.8017685505574779,-1.1021582244008712,0.0912829651462848,-0.4931854495392694,0.25473651026678246,-0.6601944885169395,-1.8795670885024247
2016-01-23,@,UTSA,W,86.0,71.0,30.0,65.0,0.462,13.0,27.0,0.481,13.0,20.0,0.65,12.0,38.0,16.0,2.0,11.0,7.0,21.0,,23.0,64.0,0.359,4.0,13.0,0.308,21.0,26.0,0.808,13.0,36.0,8.0,5.0,5.0,8.0,17.0,2.0,15.0,1,18,78.5,0,1,0,-1,65.96774193548387,61.35294117647059,67.41990073493167,61.49144481195354,66.0,59.0,46.0,56.0,74.48387096774194,71.88235294117646,74.82003636488106,71.31451320712506,67.66666666666667,61.0,72.0,71.0,7.096774193548387,-0.01726357591021649,7.579023035266293,-0.006946568297565847,7.0,0.04240784128594194,5.0,0.27576135218182574,5.225806451612903,-0.10485005768490327,5.20110530655762,-0.1111239686582523,4.666666666666667,-0.1659833784973312,2.0,-0.14451027759684631,0.40490322580645166,0.3866470588235294,0.4092801294036637,0.3858951652528272,0.405,0.39033333333333337,0.31399999999999995,0.3749999999999999,0.45506451612903226,0.4484705882352942,0.4554362713725134,0.4471893363037577,0.416333333333333,0.4249999999999998,0.5079999999999998,0.5,70.2258064516129,66.61764705882354,71.11996854990636,66.40297900953931,66.83333333333333,60.0,59.0,63.5,-0.1935483870967742,3.9861591695501732,0.0011834536953130058,2.874568923962978,0.3333333333333333,2.0,0.0,18.0,-10.529411764705877,-9.823068395171518,-2.0,-15.0,-0.15805739514348777,-0.1479311401640634,-0.03333333333333333,-0.23622047244094488,-8.516129032258064,-0.12126779972439136,-7.400135629949389,-0.10405144688381801,-1.6666666666666714,-0.0249376558603492,-26.0,-0.4406779661016949,CUSA,-11.727272727272727,-18.272727272727273,-15.0,78.5,70.41176470588235,70.65473940871655,66.0,56.0,77.52941176470588,77.0937387196232,69.33333333333333,64.0,-14.235294117647058,-12.877998621813305,-6.666666666666671,-16.0,-0.18361153262518967,-0.16704337908229347,-0.09615384615384623,-0.25,1,0,0.0,2016-01-23,,Florida Atlantic,0,86.0,71.0,4.0,13.0,L,-0.02029127939712161,-0.02978494781084534,-0.10140314998267644,-0.15281007638960284,-0.009146321798120638,-0.013860655117900855,-0.024533536415815183,-0.10519102877055522,18,0.06228373702422146,0.16969797358830724,2.0,18.0,-12.799999999999997,-11.55397887812073,-17.666666666666664,-24.0,0.506235294117647,0.5018031244613163,0.4459999999999998,0.4390000000000002,1,2.0,0.4180588235294118,0.4149510593047059,0.38366666666666677,0.32799999999999996,0.5111666666666667,0.5121708457160792,0.5196666666666664,0.4910000000000002,-0.16347381864623242,-0.14758169365968796,-0.24708624708624705,-0.34285714285714286,-5.455882352941174,0.012565755873051306,0.04612528390469472,0.828174711577095,1.5272445820433413,-1.0550010156479828,-1.7057680580513372,-0.12280724819156305,-0.4931854495392694,0.3059284802510894,-0.6601944885169395,-0.5993188572005878
2016-01-28,,Old Dominion,L,66.0,78.0,24.0,57.0,0.421,5.0,19.0,0.263,13.0,17.0,0.765,8.0,24.0,8.0,3.0,2.0,10.0,17.0,,28.0,56.0,0.5,2.0,6.0,0.333,20.0,27.0,0.741,14.0,42.0,11.0,4.0,2.0,9.0,17.0,5.0,-12.0,0,19,72.0,1,0,0,1,65.96774193548387,62.72222222222222,67.41990073493167,63.72097335146051,66.0,68.33333333333333,46.0,86.0,74.48387096774194,71.83333333333333,74.82003636488106,71.28590212964795,67.66666666666667,67.66666666666667,72.0,71.0,7.096774193548387,-0.00528698389308252,7.579023035266293,0.011090437488952276,7.0,0.12550002814001393,5.0,0.13996400998913466,5.225806451612903,-0.1070278423823108,5.20110530655762,-0.11414892027564139,4.666666666666667,-0.15096278574920877,2.0,-0.14451027759684631,0.40490322580645166,0.3908333333333333,0.4092801294036637,0.39281837634223654,0.405,0.4023333333333334,0.31399999999999995,0.46199999999999997,0.45506451612903226,0.44350000000000006,0.4554362713725134,0.4391668053687109,0.416333333333333,0.41866666666666646,0.5079999999999998,0.359,70.2258064516129,67.27777777777777,71.11996854990636,67.50343774055423,66.83333333333333,68.0,59.0,78.5,-0.1935483870967742,4.75,0.0011834536953130058,3.9203219178402566,0.3333333333333333,2.111111111111111,0.0,19.0,-9.111111111111107,-7.5649287781874435,0.6666666666666572,15.0,-0.1354252683732452,-0.11206731140512922,0.009803921568627312,0.1910828025477707,-8.516129032258064,-0.12126779972439136,-7.400135629949389,-0.10405144688381801,-1.6666666666666714,-0.0249376558603492,-26.0,-0.4406779661016949,CUSA,-11.727272727272727,7.538461538461538,12.0,72.0,67.0,67.38765501986812,68.0,75.0,64.325,65.16733709258533,68.0,76.5,5.350000000000001,4.440635854565585,0.0,-3.0,0.08317139525845318,0.06814204865017932,0.0,-0.0392156862745098,0,1,0.0,2016-01-28,@,Florida Atlantic,1,66.0,78.0,2.0,5.0,W,-0.12098704867105275,-0.12412791678177484,-0.09293612680977092,-0.07352436210388857,-0.014254289111187757,-0.0032083153386104346,-0.06352436210388857,-0.04429359287311935,21,1.3125,2.103139774606123,21.0,21.0,6.973684210526315,7.806548019707478,10.666666666666664,1.0,0.4035,0.4123591380873918,0.4493333333333333,0.509,-1,5.0,0.4407,0.44366722817854803,0.45533333333333337,0.4530000000000002,0.39960526315789474,0.39940913919571414,0.3939999999999999,0.41999999999999976,0.10722233461460651,0.11926435889766712,0.1675392670157068,0.014814814814814815,1.4763888888888843,0.008681140301722534,0.11379359725163099,-0.16294022836850688,1.3344463086089855,-0.027332792766230084,-0.07229310077607319,0.04103955670519151,-0.4931854495392694,-0.42217865754063766,-0.6601944885169395,0.2219031384453011
2016-01-30,,Charlotte,W,82.0,77.0,28.0,56.0,0.5,8.0,17.0,0.471,18.0,24.0,0.75,6.0,27.0,17.0,8.0,6.0,13.0,19.0,,27.0,55.0,0.491,7.0,14.0,0.5,16.0,26.0,0.615,9.0,32.0,12.0,4.0,0.0,16.0,16.0,2.0,5.0,1,20,79.5,1,0,0,1,65.96774193548387,62.89473684210526,67.41990073493167,63.922556096690606,66.0,69.33333333333333,46.0,66.0,74.48387096774194,72.15789473684211,74.82003636488106,71.87977244762625,67.66666666666667,73.33333333333333,72.0,78.0,7.096774193548387,-0.009758671727319534,7.579023035266293,0.0022005893496422346,7.0,0.10474486866534222,5.0,-0.0862516348311613,5.225806451612903,-0.1143996356268645,5.20110530655762,-0.12590219907107839,4.666666666666667,-0.17716072574025218,2.0,-0.23660128518081164,0.40490322580645166,0.39242105263157895,0.4092801294036637,0.39531107605051513,0.405,0.41933333333333334,0.31399999999999995,0.421,0.45506451612903226,0.44647368421052636,0.4554362713725134,0.44454757719195886,0.416333333333333,0.4529999999999998,0.5079999999999998,0.5,70.2258064516129,67.52631578947368,71.11996854990636,67.90116427215843,66.83333333333333,71.33333333333333,59.0,72.0,-0.1935483870967742,3.545706371191135,0.0011834536953130058,2.1204297795522615,0.3333333333333333,2.2222222222222223,0.0,20.0,-9.26315789473685,-7.957216350935646,-4.0,-12.0,-0.1371784879189401,-0.11718821667095258,-0.05607476635514019,-0.16666666666666666,-8.516129032258064,-0.12126779972439136,-7.400135629949389,-0.10405144688381801,-1.6666666666666714,-0.0249376558603492,-26.0,-0.4406779661016949,CUSA,-11.727272727272727,-10.583333333333334,-5.0,79.5,75.4,77.34980797178206,87.66666666666667,72.0,78.1,78.5612342840733,83.0,70.5,-5.3999999999999915,-2.4228526245824327,9.333333333333343,3.0,-0.06914212548015354,-0.03084030752141094,0.11244979919678726,0.0425531914893617,0,1,0.0,2016-01-30,@,Florida Atlantic,0,82.0,77.0,7.0,8.0,L,-0.017105263960652484,-0.00822158296664649,-0.005539571229363882,-0.02185769543722188,0.01320831116343818,0.009521640228156603,-0.05820521316771832,-0.09613305775606248,21,0.4725,0.49266548019083023,2.333333333333333,21.0,-1.4242424242424363,1.5053752573400487,-3.6666666666666714,-18.0,0.48749999999999993,0.48635960847197696,0.4923333333333337,0.49099999999999994,-1,2.0,0.42745,0.4406395466933057,0.4886666666666666,0.4029999999999999,0.48093939393939394,0.4794756251725508,0.5103333333333337,0.5469999999999999,-0.018024928092042338,0.018940944386763126,-0.049438202247191074,-0.2571428571428571,-5.286842105263155,-0.011353218606029003,0.04423613866964409,0.25718227986233405,1.333072005081573,1.7855899692412844,1.763689526847422,-0.03673293807007952,-0.4931854495392694,-0.0329227171160612,-0.6601944885169395,0.2868727370850205
2016-02-04,@,Middle Tennessee,L,73.0,85.0,24.0,56.0,0.429,7.0,17.0,0.412,18.0,29.0,0.621,10.0,36.0,8.0,4.0,6.0,15.0,23.0,,29.0,65.0,0.446,9.0,16.0,0.563,18.0,27.0,0.667,14.0,36.0,13.0,7.0,7.0,9.0,22.0,5.0,-12.0,0,21,79.0,0,1,0,-1,65.96774193548387,63.85,67.41990073493167,65.48108281333678,66.0,78.0,46.0,82.0,74.48387096774194,72.4,74.82003636488106,72.32120717027647,67.66666666666667,75.33333333333333,72.0,77.0,7.096774193548387,-0.010470329214303575,7.579023035266293,-0.0002870983872197419,7.0,0.01980897122944475,5.0,-0.02084143527462029,5.225806451612903,-0.11048568807073939,5.20110530655762,-0.11809027662280389,4.666666666666667,-0.14095799042247262,2.0,-0.04079708937661586,0.40490322580645166,0.3978,0.4092801294036637,0.40433671517211367,0.405,0.461,0.31399999999999995,0.5,0.45506451612903226,0.4487,0.4554362713725134,0.4485524211503474,0.416333333333333,0.44999999999999973,0.5079999999999998,0.491,70.2258064516129,68.125,71.11996854990636,68.90114499180662,66.83333333333333,76.66666666666667,59.0,79.5,-0.1935483870967742,2.5725,0.0011834536953130058,0.9378097961835048,0.3333333333333333,2.333333333333333,0.0,21.0,-8.550000000000004,-6.840124356939683,2.6666666666666714,5.0,-0.12550458715596335,-0.09927446572554166,0.03478260869565224,0.06289308176100629,-8.516129032258064,-0.12126779972439136,-7.400135629949389,-0.10405144688381801,-1.6666666666666714,-0.0249376558603492,-26.0,-0.4406779661016949,CUSA,-11.727272727272727,3.1,12.0,79.0,71.52631578947368,72.16781933343903,73.0,66.0,69.94736842105263,70.4931912137644,73.0,65.0,3.1578947368421098,3.3492562393492165,0.0,2.0,0.04514672686230255,0.047511769316739984,0.0,0.03076923076923077,1,0,0.0,2016-02-04,,Florida Atlantic,1,73.0,85.0,9.0,7.0,W,0.010978949154389572,0.0013284080985360158,-0.053250389501148854,0.0046574560779296115,-0.03407863462120958,-0.03164537742932405,0.0015441310467963487,-0.032274362103888565,20,0.05540166204986149,0.13341877235777758,2.2222222222222223,20.0,3.363636363636374,3.1815060489208804,-4.666666666666671,-25.0,0.4192105263157895,0.42265300262790195,0.4373333333333335,0.37000000000000005,1,5.0,0.440842105263158,0.4426814329443709,0.4386666666666666,0.3829999999999999,0.4385757575757576,0.4498837211748914,0.48800000000000027,0.5510000000000002,0.047711154094132964,0.04480787685541924,-0.06930693069306938,-0.4,-0.911184210526315,0.01888953476552633,-0.03482839002331854,0.005162720798741205,1.237182067637651,0.2283676401812288,2.6003225309262445,0.04686268927274102,-0.4931854495392694,-0.10248870247237996,-0.6601944885169395,-0.4652146889686457
2016-02-06,@,Alabama-Birmingham,L,67.0,104.0,21.0,62.0,0.339,6.0,24.0,0.25,19.0,21.0,0.905,3.0,18.0,12.0,6.0,4.0,9.0,20.0,,38.0,63.0,0.603,9.0,15.0,0.6,19.0,22.0,0.864,10.0,43.0,24.0,4.0,9.0,12.0,21.0,2.0,-37.0,0,22,85.5,0,1,0,-1,65.96774193548387,64.28571428571429,67.41990073493167,66.11430181037048,66.0,73.66666666666667,46.0,73.0,74.48387096774194,73.0,74.82003636488106,73.38897428087533,67.66666666666667,80.0,72.0,85.0,7.096774193548387,-0.01130213988166634,7.579023035266293,-0.0026644279260333303,7.0,-0.04203114943420533,5.0,-0.025853129227176253,5.225806451612903,-0.10413101572424083,5.20110530655762,-0.10616951366647048,4.666666666666667,-0.08852436210388856,2.0,0.004122696719640828,0.40490322580645166,0.3992857142857143,0.4092801294036637,0.4064137776126965,0.405,0.45,0.31399999999999995,0.42900000000000005,0.45506451612903226,0.44857142857142857,0.4554362713725134,0.4483374644590172,0.416333333333333,0.4789999999999997,0.5079999999999998,0.44600000000000006,70.2258064516129,68.64285714285714,71.11996854990636,69.7516380456229,66.83333333333333,76.83333333333333,59.0,79.0,-0.1935483870967742,3.1927437641723353,0.0011834536953130058,1.697109114967097,0.3333333333333333,2.444444444444444,0.0,22.0,-8.714285714285708,-7.2746724705048535,-6.333333333333329,-12.0,-0.12695109261186255,-0.10429393021202832,-0.08242950108459864,-0.1518987341772152,-8.516129032258064,-0.12126779972439136,-7.400135629949389,-0.10405144688381801,-1.6666666666666714,-0.0249376558603492,-26.0,-0.4406779661016949,CUSA,-11.727272727272727,7.75,37.0,85.5,76.4090909090909,77.05000450133804,72.33333333333333,74.0,72.54545454545455,73.13027211741448,72.16666666666667,71.5,7.7272727272727195,7.8394647678471046,0.3333333333333286,5.0,0.10651629072681694,0.10719862706459554,0.004618937644341735,0.06993006993006994,1,0,0.0,2016-02-06,,Florida Atlantic,1,67.0,104.0,9.0,6.0,W,-0.031549347231788594,-0.025700443150775187,-0.03702666625135398,0.010799962220435777,-0.02960642696159871,-0.023801260228558996,0.01980897122944475,-0.05265479688649727,23,0.7603305785123967,0.6985839660329137,2.5555555555555554,23.0,6.5625,4.915432265787317,-8.666666666666671,-18.0,0.41859090909090907,0.4211352742504459,0.4553333333333331,0.46599999999999947,1,2.0,0.4706363636363637,0.4694109221462376,0.42366666666666647,0.4029999999999999,0.42871875,0.44092884119646514,0.4929999999999999,0.5509999999999995,0.0880503144654088,0.06449527022756585,-0.10743801652892568,-0.20454545454545456,-1.951298701298704,0.01829251155299147,0.05731723626172944,0.2269369232102148,1.3130605889499132,-2.6798669478823403,-2.9834419987165983,0.012736494738782208,-0.4931854495392694,0.06256487210422737,-0.6601944885169395,-0.1478624840607206
2016-02-11,,UTSA,W,79.0,73.0,30.0,54.0,0.556,8.0,21.0,0.381,11.0,21.0,0.524,9.0,34.0,14.0,5.0,10.0,13.0,19.0,,28.0,61.0,0.459,5.0,14.0,0.357,12.0,20.0,0.6,8.0,26.0,8.0,10.0,1.0,11.0,22.0,5.0,6.0,1,23,76.0,1,0,0,1,65.96774193548387,64.4090909090909,67.41990073493167,66.18730702209966,66.0,74.0,46.0,67.0,74.48387096774194,74.4090909090909,74.82003636488106,75.9121412468222,67.66666666666667,88.66666666666667,72.0,104.0,7.096774193548387,-0.012889217432046629,7.579023035266293,-0.006185814986867488,7.0,-0.029740578320104794,5.0,-0.04486764568597812,5.225806451612903,-0.10094036699087697,5.20110530655762,-0.10026799117515303,4.666666666666667,-0.03156947488584344,2.0,-0.05390897748850393,0.40490322580645166,0.39654545454545453,0.4092801294036637,0.400857079895907,0.405,0.4226666666666667,0.31399999999999995,0.339,0.45506451612903226,0.4555909090909091,0.4554362713725134,0.4610857925982727,0.416333333333333,0.5133333333333331,0.5079999999999998,0.603,70.2258064516129,69.4090909090909,71.11996854990636,71.04972413446092,66.83333333333333,81.33333333333333,59.0,85.5,-0.1935483870967742,3.849173553719009,0.0011834536953130058,2.6163755965731723,0.3333333333333333,2.5555555555555554,0.0,23.0,-10.0,-9.724834224722542,-14.666666666666671,-37.0,-0.1440733464309103,-0.1368736380498591,-0.18032786885245908,-0.4327485380116959,-8.516129032258064,-0.12126779972439136,-7.400135629949389,-0.10405144688381801,-1.6666666666666714,-0.0249376558603492,-26.0,-0.4406779661016949,CUSA,-11.727272727272727,-18.272727272727273,-6.0,76.0,71.5909090909091,72.66015773491615,77.33333333333333,91.0,78.70454545454545,79.36335749456241,85.0,100.0,-14.22727272727272,-13.406399519292492,-15.333333333333343,-18.0,-0.18076812012705737,-0.16892429885178475,-0.1803921568627452,-0.18,0,1,0.0,2016-02-11,@,Florida Atlantic,0,79.0,73.0,5.0,8.0,L,-0.03733388591341236,-0.053918107234500745,-0.10662781037975061,-0.14868919726872373,0.013806146370687722,0.02593058901696149,0.10733894724862941,0.1818884819328087,23,0.0,0.48888851422465956,2.5555555555555554,23.0,-12.799999999999997,-11.55397887812073,-17.666666666666664,-24.0,0.5079545454545454,0.5070759958754166,0.5293333333333331,0.5540000000000003,-1,5.0,0.4103636363636365,0.4043257593592759,0.39400000000000013,0.42499999999999993,0.5111666666666667,0.5121708457160792,0.5196666666666664,0.4910000000000002,-0.16347381864623242,-0.14758169365968796,-0.24708624708624705,-0.34285714285714286,-4.647727272727273,-0.013339805938260701,0.06138807820167834,0.5942173390717194,1.294935321595402,-1.2488250810281194,-1.4966968039934558,-0.1270651375880864,-0.4931854495392694,0.35801646882676247,-0.6601944885169395,-0.5797409381642179
2016-02-13,,UTEP,L,82.0,89.0,28.0,60.0,0.467,12.0,27.0,0.444,14.0,17.0,0.824,8.0,31.0,16.0,8.0,7.0,16.0,19.0,,32.0,62.0,0.516,5.0,10.0,0.5,20.0,27.0,0.741,9.0,35.0,17.0,9.0,2.0,13.0,16.0,2.0,-7.0,0,24,85.5,1,0,0,1,65.96774193548387,65.04347826086956,67.41990073493167,67.22278186153835,66.0,73.0,46.0,79.0,74.48387096774194,74.34782608695652,74.82003636488106,75.67679267527856,67.66666666666667,87.33333333333333,72.0,73.0,7.096774193548387,-0.012722223066455374,7.579023035266293,-0.006522129282560907,7.0,-0.025853129227176253,5.0,-0.009726893749458176,5.225806451612903,-0.10124366034950255,5.20110530655762,-0.1008742622410933,4.666666666666667,-0.05016558347793437,2.0,-0.10804491004909406,0.40490322580645166,0.4034782608695653,0.4092801294036637,0.41339516151246675,0.405,0.44133333333333336,0.31399999999999995,0.556,0.45506451612903226,0.4557391304347826,0.4554362713725134,0.46091722649280803,0.416333333333333,0.5026666666666664,0.5079999999999998,0.4590000000000001,70.2258064516129,69.69565217391305,71.11996854990636,71.44978726840844,66.83333333333333,80.16666666666667,59.0,76.0,-0.1935483870967742,2.9035916824196595,0.0011834536953130058,1.2608136273292732,0.3333333333333333,2.6666666666666665,0.0,24.0,-9.304347826086953,-8.454010813740211,-14.333333333333329,6.0,-0.13349968808484086,-0.11832100747874663,-0.17879417879417872,0.07894736842105263,-8.516129032258064,-0.12126779972439136,-7.400135629949389,-0.10405144688381801,-1.6666666666666714,-0.0249376558603492,-26.0,-0.4406779661016949,CUSA,-11.727272727272727,3.0,7.0,85.5,75.75,77.08204587096117,96.33333333333333,84.0,75.10416666666667,76.76069743283522,93.33333333333333,79.0,1.2916666666666714,0.6426968762519323,6.0,10.0,0.017198335644937647,0.008372733674212447,0.0642857142857143,0.12658227848101267,0,1,0.0,2016-02-13,@,Florida Atlantic,1,82.0,89.0,5.0,12.0,W,-0.04454746441411961,-0.045023482185994834,-0.033247545494892006,0.07933278075325428,0.012161144331477969,0.014694697068473372,-0.03677159457621326,-0.029740578320104794,25,1.5625,0.5996717660748369,2.7777777777777777,25.0,1.125,0.5640190424144436,4.333333333333343,-2.0,0.42074999999999996,0.4307502013154796,0.5033333333333333,0.4909999999999999,-1,2.0,0.45295833333333335,0.4595897016555776,0.5176666666666668,0.563,0.4295,0.44073910785407516,0.4176666666666667,0.4349999999999999,0.014754098360655738,0.0072167129984598965,0.05316973415132936,-0.023255813953488372,-2.7042572463768124,-0.012438520447722954,0.0671576381104538,0.03614430622937355,1.2797995153726396,-1.7716210570830127,-1.2769569802178473,-0.1698552221294239,-0.4931854495392694,-0.2140712037309227,-0.6601944885169395,-1.1796022225936234
2016-02-18,@,Rice,L,85.0,90.0,30.0,56.0,0.536,15.0,28.0,0.536,10.0,15.0,0.667,4.0,24.0,25.0,6.0,3.0,10.0,15.0,,32.0,61.0,0.525,10.0,16.0,0.625,16.0,19.0,0.842,7.0,30.0,17.0,8.0,2.0,8.0,12.0,5.0,-5.0,0,25,87.5,0,1,0,-1,65.96774193548387,65.75,67.41990073493167,68.39554175832673,66.0,76.0,46.0,82.0,74.48387096774194,74.95833333333333,74.82003636488106,76.73415835132299,67.66666666666667,88.66666666666667,72.0,89.0,7.096774193548387,-0.005539571229363827,7.579023035266293,0.006039596426293592,7.0,0.02858090105400618,5.0,0.12550002814001388,5.225806451612903,-0.10340763058637883,5.20110530655762,-0.10493460197812998,4.666666666666667,-0.09923864781817429,2.0,-0.14498503626119194,0.40490322580645166,0.40612500000000007,0.4092801294036637,0.41764938610757996,0.405,0.454,0.31399999999999995,0.4670000000000001,0.45506451612903226,0.45825,0.4554362713725134,0.46528874399818854,0.416333333333333,0.5259999999999997,0.5079999999999998,0.516,70.2258064516129,70.35416666666667,71.11996854990636,72.56485005482484,66.83333333333333,82.33333333333333,59.0,85.5,-0.1935483870967742,2.1267361111111116,0.0011834536953130058,0.4332924354406719,0.3333333333333333,2.7777777777777777,0.0,25.0,-9.208333333333329,-8.33861659299626,-12.666666666666671,-7.0,-0.13088540124370734,-0.11491261384397809,-0.1538461538461539,-0.08187134502923976,-8.516129032258064,-0.12126779972439136,-7.400135629949389,-0.10405144688381801,-1.6666666666666714,-0.0249376558603492,-26.0,-0.4406779661016949,CUSA,-11.727272727272727,-9.363636363636363,5.0,87.5,75.43478260869566,76.34991067279721,73.33333333333333,75.0,78.84782608695652,79.17744705450868,75.5,70.5,-6.826086956521735,-5.655072763422908,-4.333333333333343,9.0,-0.08657292528260266,-0.07142277218826905,-0.057395143487858846,0.1276595744680851,1,0,0.0,2016-02-18,,Florida Atlantic,1,85.0,90.0,10.0,15.0,W,-0.019576235302735834,-0.016965497860070844,-0.013524362103888521,-0.11352436210388855,-0.01701273419691185,-0.014798704692552123,0.07274173231671227,-0.04079708937661586,24,0.04536862003780718,0.1280671592364156,2.6666666666666665,24.0,-6.1000000000000085,-5.240073977851424,-10.0,-10.0,0.4963043478260869,0.4938850835988822,0.4536666666666669,0.3469999999999992,1,5.0,0.4382173913043477,0.4474785623381997,0.47100000000000003,0.46499999999999986,0.4902999999999999,0.48289018451967736,0.4546666666666668,0.46399999999999925,-0.07759168963324158,-0.06682885612428299,-0.13274336283185842,-0.13513513513513514,-4.246829710144922,0.009707896419411725,0.04499257837085285,-0.06635462564810239,0.8458313908313926,-0.34130833299622393,0.631874784254646,-0.2306383294996825,-0.4931854495392694,-0.15827657024213426,-0.6601944885169395,-0.7611246987180962
2016-02-20,@,North Texas,L,62.0,70.0,19.0,53.0,0.358,10.0,23.0,0.435,14.0,16.0,0.875,7.0,28.0,9.0,5.0,5.0,15.0,19.0,,25.0,56.0,0.446,3.0,6.0,0.5,17.0,25.0,0.68,8.0,33.0,9.0,8.0,4.0,10.0,15.0,2.0,-8.0,0,26,66.0,0,1,0,-1,65.96774193548387,66.52,67.41990073493167,69.69146362047678,66.0,82.0,46.0,85.0,74.48387096774194,75.56,74.82003636488106,77.76951246900174,67.66666666666667,84.0,72.0,90.0,7.096774193548387,0.005778103320044137,7.579023035266293,0.026015106588172465,7.0,0.11330490618879435,5.0,0.2158874026019938,5.225806451612903,-0.09753706723888061,5.20110530655762,-0.09366767656817487,4.666666666666667,-0.07542912400865048,2.0,0.01980897122944475,0.40490322580645166,0.4113200000000001,0.4092801294036637,0.426886251635486,0.405,0.5196666666666667,0.31399999999999995,0.536,0.45506451612903226,0.46092,0.4554362713725134,0.4699490057750515,0.416333333333333,0.4999999999999998,0.5079999999999998,0.5249999999999999,70.2258064516129,71.04,71.11996854990636,73.73048804473925,66.83333333333333,83.0,59.0,87.5,-0.1935483870967742,2.6624000000000003,0.0011834536953130058,1.03399433027778,0.3333333333333333,2.888888888888889,0.0,26.0,-9.040000000000006,-8.078048848524958,-2.0,-5.0,-0.12725225225225234,-0.10956185239982737,-0.024096385542168676,-0.05714285714285714,-8.516129032258064,-0.12126779972439136,-7.400135629949389,-0.10405144688381801,-1.6666666666666714,-0.0249376558603492,-26.0,-0.4406779661016949,CUSA,-11.727272727272727,-8.090909090909092,8.0,66.0,72.33333333333333,72.440106737544,67.66666666666667,77.0,75.9375,75.87898284035505,74.66666666666667,76.0,-7.208333333333343,-6.877752205622073,-14.0,2.0,-0.09492455418381357,-0.09064107013785969,-0.1875,0.02631578947368421,1,0,0.0,2016-02-20,,Florida Atlantic,1,62.0,70.0,3.0,10.0,W,-0.07850132062923418,-0.07530427483744812,-0.062292835010292535,0.11504706646753998,-0.041654273052028956,-0.03147242224331409,0.004842984834886932,0.04647563789611142,25,0.1736111111111111,0.019454255604997972,2.7777777777777777,25.0,-6.599999999999994,-5.906864486047297,-3.6666666666666714,-8.0,0.47220833333333356,0.47397264304539005,0.5126666666666668,0.5179999999999996,1,2.0,0.4528750000000001,0.4455956637023003,0.3823333333333337,0.39999999999999997,0.4709666666666669,0.47334385649448346,0.503,0.5919999999999994,-0.08749447635881565,-0.07859946335101099,-0.04751619870410373,-0.1,-2.448749999999997,-0.015513951573211563,0.08750307759475971,-0.3428154640850286,0.7399076849076835,-0.566087650272431,-0.24814118029532944,-0.19802085461107305,-0.4931854495392694,-0.3959455074324492,-0.6601944885169395,-0.9657989071660378
2016-02-27,,Florida International,L,63.0,71.0,20.0,57.0,0.351,8.0,22.0,0.364,15.0,21.0,0.714,5.0,28.0,12.0,7.0,6.0,10.0,19.0,,26.0,62.0,0.419,2.0,10.0,0.2,17.0,21.0,0.81,9.0,43.0,9.0,3.0,5.0,11.0,18.0,7.0,-8.0,0,27,67.0,1,0,0,1,65.96774193548387,66.34615384615384,67.41990073493167,69.10036052887175,66.0,76.33333333333333,46.0,62.0,74.48387096774194,75.34615384615384,74.82003636488106,77.17241118018279,67.66666666666667,83.0,72.0,70.0,7.096774193548387,0.011693029200459282,7.579023035266293,0.035967481758871545,7.0,0.17119179510135163,5.0,0.17034660563804693,5.225806451612903,-0.10066065613145367,5.20110530655762,-0.10003110044860133,4.666666666666667,-0.09665689222437049,2.0,-0.18495293353246,0.40490322580645166,0.40926923076923083,0.4092801294036637,0.42159221680414216,0.405,0.4536666666666667,0.31399999999999995,0.358,0.45506451612903226,0.46034615384615385,0.4554362713725134,0.4681084807393728,0.416333333333333,0.4956666666666664,0.5079999999999998,0.44599999999999984,70.2258064516129,70.84615384615384,71.11996854990636,73.13638585452726,66.83333333333333,79.66666666666667,59.0,66.0,-0.1935483870967742,3.235207100591716,0.0011834536953130058,1.8385286508998597,0.3333333333333333,3.0,0.0,27.0,-9.0,-8.072050651311045,-6.666666666666671,-8.0,-0.1270358306188925,-0.11036983243015107,-0.08368200836820089,-0.12121212121212122,-8.516129032258064,-0.12126779972439136,-7.400135629949389,-0.10405144688381801,-1.6666666666666714,-0.0249376558603492,-26.0,-0.4406779661016949,CUSA,-11.727272727272727,-0.18181818181818182,8.0,67.0,72.03846153846153,72.08365179248024,74.66666666666667,70.0,71.90384615384616,72.19618763963983,75.33333333333333,78.0,0.2692307692307594,-0.2250716943192117,-1.3333333333333286,-16.0,0.0037443166622090096,-0.0031175010991249972,-0.017699115044247725,-0.20512820512820512,0,1,0.0,2016-02-27,@,Florida Atlantic,1,63.0,71.0,2.0,8.0,W,-0.06205612932225485,-0.06811301140554274,-0.045667219246745716,0.029332780753254295,0.0015881780890374397,0.00795903287398908,-0.010892783156520147,0.00042912626820446054,27,0.0,0.10891510457209035,3.0,27.0,-0.4333333333333371,-1.5916524203294244,-9.333333333333329,-8.0,0.41550000000000004,0.4226582626380253,0.43033333333333346,0.5240000000000002,-1,7.0,0.47657692307692306,0.4828285369946231,0.5170000000000002,0.45599999999999974,0.41773333333333335,0.42621272984665914,0.4593333333333334,0.5100000000000002,-0.0060591936611512996,-0.02228948620565598,-0.13397129186602863,-0.09876543209876543,-0.5288461538461604,0.004309363383452874,0.0790355027475407,-0.5397287428653491,0.6947442723304804,-2.000445970426078,-1.9152027410648103,-0.16962264339640998,-0.4931854495392694,-0.6345629879158163,-0.6601944885169395,-1.0328442338722956
2016-03-03,,Middle Tennessee,L,59.0,76.0,19.0,55.0,0.345,4.0,17.0,0.235,17.0,18.0,0.944,5.0,24.0,7.0,8.0,5.0,13.0,13.0,,31.0,66.0,0.47,7.0,20.0,0.35,7.0,10.0,0.7,16.0,45.0,16.0,6.0,4.0,14.0,17.0,5.0,-17.0,0,28,67.5,1,0,0,1,65.96774193548387,66.22222222222223,67.41990073493167,68.63816991260306,66.0,70.0,46.0,63.0,74.48387096774194,75.18518518518519,74.82003636488106,76.7047616841029,67.66666666666667,77.0,72.0,71.0,7.096774193548387,0.01365684594980271,7.579023035266293,0.038155276670954585,7.0,0.15790420932468285,5.0,0.06742801884849237,5.225806451612903,-0.10514997786743535,5.20110530655762,-0.10907685832415143,4.666666666666667,-0.11871916729869375,2.0,-0.22901731985036744,0.40490322580645166,0.40711111111111115,0.4092801294036637,0.41624383451852764,0.405,0.41500000000000004,0.31399999999999995,0.351,0.45506451612903226,0.4588148148148148,0.4554362713725134,0.4643878024500278,0.416333333333333,0.4633333333333331,0.5079999999999998,0.41899999999999976,70.2258064516129,70.70370370370371,71.11996854990636,72.67146579835297,66.83333333333333,73.5,59.0,67.0,-0.1935483870967742,2.4581618655692727,0.0011834536953130058,0.7661169412906607,0.3333333333333333,3.1111111111111107,0.0,28.0,-8.962962962962962,-8.066591771499844,-7.0,-8.0,-0.12676794133053954,-0.11100081280709032,-0.09523809523809523,-0.11940298507462686,-8.516129032258064,-0.12126779972439136,-7.400135629949389,-0.10405144688381801,-1.6666666666666714,-0.0249376558603492,-26.0,-0.4406779661016949,CUSA,-11.727272727272727,3.1,17.0,67.5,72.0,72.70177380605983,74.0,83.0,70.5,71.23556079320927,75.16666666666667,78.5,3.0,2.932426025701133,-2.3333333333333286,9.0,0.0425531914893617,0.04116519885642109,-0.03104212860310415,0.11464968152866242,0,1,0.0,2016-03-03,@,Florida Atlantic,1,59.0,76.0,7.0,4.0,W,0.035834612255085774,0.046440617406491136,0.09188104330151686,0.08406599934189457,-0.030915666451714674,-0.026415672160423675,-0.025314755116988996,-0.029740578320104794,27,0.15976331360946747,0.6063937108777842,27.0,27.0,3.363636363636374,3.1815060489208804,-4.666666666666671,-25.0,0.44053846153846155,0.4566598782615015,0.540666666666667,0.49,-1,5.0,0.4438076923076923,0.44779494952240195,0.4706666666666666,0.49100000000000027,0.4385757575757576,0.4498837211748914,0.48800000000000027,0.5510000000000002,0.047711154094132964,0.04480787685541924,-0.06930693069306938,-0.4,0.10185185185185475,-0.02054776129330276,-0.06138410776015561,-0.4327842986208247,0.8558590834452918,0.4593774998947413,2.5893285896734186,-0.24209412051799373,-0.4931854495392694,-0.6271100377460949,-0.6601944885169395,-0.5413557787054506
2016-03-05,,Alabama-Birmingham,L,70.0,73.0,25.0,61.0,0.41,8.0,25.0,0.32,12.0,17.0,0.706,8.0,35.0,10.0,6.0,6.0,10.0,22.0,,25.0,63.0,0.397,6.0,20.0,0.3,17.0,24.0,0.708,10.0,38.0,16.0,8.0,5.0,10.0,15.0,2.0,-3.0,0,29,71.5,1,0,0,1,65.96774193548387,65.96428571428571,67.41990073493167,67.9174983539876,66.0,61.333333333333336,46.0,59.0,74.48387096774194,75.21428571428571,74.82003636488106,76.65206478148129,67.66666666666667,72.33333333333333,72.0,76.0,7.096774193548387,0.009702492254530515,7.579023035266293,0.028523100014740954,7.0,0.04517129007002446,5.0,-0.11013453159541398,5.225806451612903,-0.1026981512776777,5.20110530655762,-0.10374878951934496,4.666666666666667,-0.14762574459236782,2.0,-0.03720857263020433,0.40490322580645166,0.4048928571428572,0.4092801294036637,0.41091674382291,0.405,0.35133333333333333,0.31399999999999995,0.345,0.45506451612903226,0.45921428571428574,0.4554362713725134,0.4648074413640822,0.416333333333333,0.4449999999999997,0.5079999999999998,0.4699999999999998,70.2258064516129,70.58928571428571,71.11996854990636,72.28478156773444,66.83333333333333,66.83333333333333,59.0,67.5,-0.1935483870967742,1.8125,0.0011834536953130058,0.17766676785058777,0.3333333333333333,3.222222222222222,0.0,29.0,-9.25,-8.73456642749369,-10.999999999999993,-17.0,-0.13103971667088288,-0.12083548207597426,-0.16458852867830415,-0.2518518518518518,-8.516129032258064,-0.12126779972439136,-7.400135629949389,-0.10405144688381801,-1.6666666666666714,-0.0249376558603492,-26.0,-0.4406779661016949,CUSA,-11.727272727272727,7.75,3.0,71.5,77.96551724137932,79.21728709165974,81.0,77.0,73.89655172413794,75.03169102798365,76.83333333333333,68.5,8.137931034482762,8.37119212735216,8.333333333333329,17.0,0.11012599160056,0.11156875198547848,0.10845986984815613,0.24817518248175183,0,1,0.0,2016-03-05,@,Florida Atlantic,1,70.0,73.0,6.0,8.0,W,-0.024271818981376425,-0.015518883452319832,0.007463292217099071,-0.0018360504155768842,-0.017228065807592285,-0.008004200360256564,-0.03829500430572347,-0.11352436210388855,30,0.3210463733650416,0.04881951861970482,3.333333333333333,30.0,6.5625,4.915432265787317,-8.666666666666671,-18.0,0.4220689655172413,0.4273721266143437,0.4479999999999998,0.4309999999999994,-1,2.0,0.48096551724137937,0.48658849271424087,0.4766666666666664,0.45999999999999996,0.42871875,0.44092884119646514,0.4929999999999999,0.5509999999999995,0.0880503144654088,0.06449527022756585,-0.10743801652892568,-0.20454545454545456,-1.6536330049261139,-0.012928850492549838,0.04992665558130051,-0.29398069648745,0.8618084548006709,-1.8083313966820556,-2.468982912094703,-0.2105374141821632,-0.4931854495392694,-0.48458338055386385,-0.6601944885169395,-0.18755423141653843
2016-03-08,N,UTSA,W,82.0,58.0,26.0,53.0,0.491,8.0,17.0,0.471,22.0,26.0,0.846,15.0,43.0,10.0,7.0,6.0,17.0,20.0,,21.0,61.0,0.344,6.0,23.0,0.261,10.0,15.0,0.667,13.0,26.0,11.0,10.0,6.0,12.0,20.0,3.0,24.0,1,30,70.0,0,0,1,0,65.96774193548387,66.10344827586206,67.41990073493167,68.07132467471988,66.0,64.0,46.0,70.0,74.48387096774194,75.13793103448276,74.82003636488106,76.38230091863541,67.66666666666667,73.33333333333333,72.0,73.0,7.096774193548387,0.010419299867942489,7.579023035266293,0.028584602539586834,7.0,-0.0010243621038885653,5.0,0.029332780753254295,5.225806451612903,-0.10150049794601795,5.20110530655762,-0.10115090091153561,4.666666666666667,-0.10897890755843401,2.0,-0.06694901963813515,0.40490322580645166,0.4050689655172414,0.4092801294036637,0.4108490275118078,0.405,0.36866666666666664,0.31399999999999995,0.4099999999999999,0.45506451612903226,0.4570689655172414,0.4554362713725134,0.4597987686250813,0.416333333333333,0.42866666666666636,0.5079999999999998,0.3969999999999998,70.2258064516129,70.62068965517241,71.11996854990636,72.22681279667763,66.83333333333333,68.66666666666667,59.0,71.5,-0.1935483870967742,1.2841854934601664,0.0011834536953130058,5.6814483192980475e-05,0.3333333333333333,30.0,0.0,30.0,-9.034482758620697,-8.310976243915533,-9.333333333333329,-3.0,-0.1279296875000001,-0.11506774177217785,-0.1359223300970873,-0.04195804195804196,-8.516129032258064,-0.12126779972439136,-7.400135629949389,-0.10405144688381801,-1.6666666666666714,-0.0249376558603492,-26.0,-0.4406779661016949,CUSA,-11.727272727272727,-18.272727272727273,-24.0,70.0,72.37931034482759,73.68164539748301,79.33333333333333,74.0,78.58620689655173,78.95693521599493,85.16666666666667,77.5,-12.41379310344827,-10.550579637023873,-11.666666666666671,-7.0,-0.1579640193067134,-0.13362448286729547,-0.13698630136986306,-0.09032258064516129,0,0,1.0,2016-03-08,N,Florida Atlantic,0,82.0,58.0,6.0,8.0,L,-0.023386201074827084,-0.017786454040642885,0.06462689840031316,0.010799962220435777,-0.004862304356836933,-0.012254236145930353,-0.08275513133465778,0.09388304530351882,30,0.3210463733650416,0.39558429410708834,30.0,30.0,-12.799999999999997,-11.55397887812073,-17.666666666666664,-24.0,0.5118620689655173,0.5138776410297677,0.5349999999999997,0.5680000000000001,0,3.0,0.4149655172413795,0.41478421073467736,0.42033333333333345,0.3969999999999998,0.5111666666666667,0.5121708457160792,0.5196666666666664,0.4910000000000002,-0.16347381864623242,-0.14758169365968796,-0.24708624708624705,-0.34285714285714286,-3.9827586206896584,-0.007117710807772907,0.0487207456240219,-0.06194027491877686,0.6573461253244343,-0.925319524044162,-1.0470951390306207,-0.26623876906106203,-0.4931854495392694,-0.24158050536235132,-0.6601944885169395,-0.6644313034325584
2016-03-09,N,Old Dominion,L,46.0,72.0,16.0,51.0,0.314,5.0,19.0,0.263,9.0,13.0,0.692,7.0,19.0,6.0,1.0,3.0,11.0,16.0,,30.0,59.0,0.508,2.0,2.0,1.0,10.0,18.0,0.556,15.0,41.0,14.0,7.0,7.0,7.0,12.0,1.0,-26.0,0,31,59.0,0,0,1,0,65.96774193548387,66.63333333333334,67.41990073493167,69.08861921228444,66.0,70.33333333333333,46.0,82.0,74.48387096774194,74.56666666666666,74.82003636488106,75.03973144410286,67.66666666666667,69.0,72.0,58.0,7.096774193548387,0.009136968561444081,7.579023035266293,0.02430010365840507,7.0,-0.029164172530428856,5.0,-0.02084143527462029,5.225806451612903,-0.0989512731454621,5.20110530655762,-0.09562029409031375,4.666666666666667,-0.038162043263308854,2.0,-0.003179534517681659,0.40490322580645166,0.40793333333333337,0.4092801294036637,0.41670293282502435,0.405,0.41533333333333333,0.31399999999999995,0.49099999999999994,0.45506451612903226,0.4533,0.4554362713725134,0.45134129136841844,0.416333333333333,0.40366666666666634,0.5079999999999998,0.34399999999999975,70.2258064516129,70.6,71.11996854990636,72.06417532819364,66.83333333333333,69.66666666666667,59.0,70.0,-0.1935483870967742,1.2400000000000002,0.0011834536953130058,5.044582729000589e-05,0.3333333333333333,13.777777777777777,0.0,0.0,-7.933333333333323,-5.9511122318184135,1.3333333333333286,24.0,-0.11237016052880061,-0.08258073036589877,0.019138755980861174,0.34285714285714286,-8.516129032258064,-0.12126779972439136,-7.400135629949389,-0.10405144688381801,-1.6666666666666714,-0.0249376558603492,-26.0,-0.4406779661016949,CUSA,-11.727272727272727,7.538461538461538,26.0,59.0,68.2258064516129,69.22483199973988,76.0,74.0,65.30645161290323,66.33426966753906,70.16666666666667,70.5,5.838709677419345,5.781124664401631,11.666666666666671,7.0,0.08940479130649527,0.08715140293812033,0.16627078384798105,0.09929078014184398,0,0,1.0,2016-03-09,N,Florida Atlantic,1,46.0,72.0,2.0,5.0,W,-0.1348009578485694,-0.13981157968741378,-0.08984015157757277,0.13242158384205738,-0.0358614872331543,-0.03858709111625064,-0.03373161598989893,-0.08964376508896318,32,0.13319458896982309,0.00011290732431323223,3.5555555555555554,32.0,6.973684210526315,7.806548019707478,10.666666666666664,1.0,0.40341935483870967,0.4076005727807339,0.3973333333333333,0.47799999999999987,0,4.0,0.4420967741935484,0.44465132190432977,0.466,0.42200000000000015,0.39960526315789474,0.39940913919571414,0.3939999999999999,0.41999999999999976,0.10722233461460651,0.11926435889766712,0.1675392670157068,0.014814814814814815,2.6467741935483815,-0.01810152704652177,0.11549340414215746,-0.4931854495392694,0.7094477871035157,-0.9222219647344788,0.5786546423851757,-0.27987477074930744,-0.4931854495392694,-0.6601944885169395,-0.6601944885169395,-0.2879755214954048
